1 1 0 1 -8.0652249 -34.899 -8.0650363 -34.8986969 14 1 43
2 1 0 2 -8.0652249 -34.899 -8.0656856 -34.8989249 61 1 34
3 1 0 3 -8.0652249 -34.899 -8.0656787 -34.8991297 78 1 45
4 1 0 4 -8.0652249 -34.899 -8.0650068 -34.8992048 25 1 20
5 1 0 5 -8.0652249 -34.899 -8.0649882 -34.8991136 20 1 8
6 1 0 6 -8.0652249 -34.899 -8.0649537 -34.8990144 8 1 94
7 1 0 7 -8.0652249 -34.899 -8.0649298 -34.8988986 10 1 97
8 1 0 8 -8.0652249 -34.899 -8.0651117 -34.8988423 120 1 12
9 1 0 9 -8.0652249 -34.899 -8.0643907 -34.8987592 353 4 77
10 1 0 10 -8.0652249 -34.899 -8.0643854 -34.8986519 356 4 62
11 1 0 11 -8.0652249 -34.899 -8.0643986 -34.8985338 403 5 71
12 1 0 12 -8.0652249 -34.899 -8.0640481 -34.8984534 356 4 89
13 1 0 13 -8.0652249 -34.899 -8.0640401 -34.8983568 353 4 42
14 1 0 14 -8.0652249 -34.899 -8.0640481 -34.8982147 356 4 68
15 1 0 15 -8.0652249 -34.899 -8.0642101 -34.8980564 315 4 99
16 1 0 16 -8.0652249 -34.899 -8.0636657 -34.8981476 400 5 61
17 1 1 0 -8.0650363 -34.8986969 -8.0652249 -34.899 14 1 92
18 1 1 2 -8.0650363 -34.8986969 -8.0652249 -34.899 28 1 69
19 1 1 3 -8.0650363 -34.8986969 -8.0652249 -34.899 95 1 47
20 1 1 4 -8.0650363 -34.8986969 -8.0652249 -34.899 40 1 91
21 1 1 5 -8.0650363 -34.8986969 -8.0652249 -34.899 33 1 91
22 1 1 6 -8.0650363 -34.8986969 -8.0652249 -34.899 14 1 25
23 1 1 7 -8.0650363 -34.8986969 -8.0652249 -34.899 13 1 82
24 1 1 8 -8.0650363 -34.8986969 -8.0652249 -34.899 99 1 41
25 1 1 9 -8.0650363 -34.8986969 -8.0652249 -34.899 353 4 18
26 1 1 10 -8.0650363 -34.8986969 -8.0652249 -34.899 356 4 21
27 1 1 11 -8.0650363 -34.8986969 -8.0652249 -34.899 353 4 25
28 1 1 12 -8.0650363 -34.8986969 -8.0652249 -34.899 406 5 41
29 1 1 13 -8.0650363 -34.8986969 -8.0652249 -34.899 353 4 1
30 1 1 14 -8.0650363 -34.8986969 -8.0652249 -34.899 356 4 52
31 1 1 15 -8.0650363 -34.8986969 -8.0652249 -34.899 365 4 66
32 1 1 16 -8.0650363 -34.8986969 -8.0652249 -34.899 350 4 43
33 1 2 0 -8.0656856 -34.8989249 -8.0652249 -34.899 61 1 61
34 1 2 1 -8.0656856 -34.8989249 -8.0650363 -34.8986969 28 1 92
35 1 2 3 -8.0656856 -34.8989249 -8.0656787 -34.8991297 18 1 67
36 1 2 4 -8.0656856 -34.8989249 -8.0650068 -34.8992048 67 1 98
37 1 2 5 -8.0656856 -34.8989249 -8.0649882 -34.8991136 59 1 94
38 1 2 6 -8.0656856 -34.8989249 -8.0649537 -34.8990144 44 1 47
39 1 2 7 -8.0656856 -34.8989249 -8.0649298 -34.8988986 52 1 60
40 1 2 8 -8.0656856 -34.8989249 -8.0651117 -34.8988423 92 1 14
41 1 2 9 -8.0656856 -34.8989249 -8.0643907 -34.8987592 312 4 85
42 1 2 10 -8.0656856 -34.8989249 -8.0643854 -34.8986519 315 4 40
43 1 2 11 -8.0656856 -34.8989249 -8.0643986 -34.8985338 312 4 61
44 1 2 12 -8.0656856 -34.8989249 -8.0640481 -34.8984534 412 5 49
45 1 2 13 -8.0656856 -34.8989249 -8.0640401 -34.8983568 362 4 41
46 1 2 14 -8.0656856 -34.8989249 -8.0640481 -34.8982147 315 4 93
47 1 2 15 -8.0656856 -34.8989249 -8.0642101 -34.8980564 324 4 95
48 1 2 16 -8.0656856 -34.8989249 -8.0636657 -34.8981476 409 5 84
49 1 3 0 -8.0656787 -34.8991297 -8.0652249 -34.899 78 1 52
50 1 3 1 -8.0656787 -34.8991297 -8.0650363 -34.8986969 95 1 94
51 1 3 2 -8.0656787 -34.8991297 -8.0656856 -34.8989249 18 1 22
52 1 3 4 -8.0656787 -34.8991297 -8.0650068 -34.8992048 79 1 83
53 1 3 5 -8.0656787 -34.8991297 -8.0649882 -34.8991136 92 1 71
54 1 3 6 -8.0656787 -34.8991297 -8.0649537 -34.8990144 91 1 25
55 1 3 7 -8.0656787 -34.8991297 -8.0649298 -34.8988986 91 1 59
56 1 3 8 -8.0656787 -34.8991297 -8.0651117 -34.8988423 100 1 3
57 1 3 9 -8.0656787 -34.8991297 -8.0643907 -34.8987592 353 4 88
58 1 3 10 -8.0656787 -34.8991297 -8.0643854 -34.8986519 356 4 42
59 1 3 11 -8.0656787 -34.8991297 -8.0643986 -34.8985338 353 4 78
60 1 3 12 -8.0656787 -34.8991297 -8.0640481 -34.8984534 456 6 16
61 1 3 13 -8.0656787 -34.8991297 -8.0640401 -34.8983568 353 4 24
62 1 3 14 -8.0656787 -34.8991297 -8.0640481 -34.8982147 356 4 95
63 1 3 15 -8.0656787 -34.8991297 -8.0642101 -34.8980564 365 4 76
64 1 3 16 -8.0656787 -34.8991297 -8.0636657 -34.8981476 400 4 40
65 1 4 0 -8.0650068 -34.8992048 -8.0652249 -34.899 25 1 70
66 1 4 1 -8.0650068 -34.8992048 -8.0650363 -34.8986969 40 1 84
67 1 4 2 -8.0650068 -34.8992048 -8.0656856 -34.8989249 67 1 14
68 1 4 3 -8.0650068 -34.8992048 -8.0656787 -34.8991297 79 1 34
69 1 4 5 -8.0650068 -34.8992048 -8.0649882 -34.8991136 9 1 67
70 1 4 6 -8.0650068 -34.8992048 -8.0649537 -34.8990144 15 1 51
71 1 4 7 -8.0650068 -34.8992048 -8.0649298 -34.8988986 21 1 96
72 1 4 8 -8.0650068 -34.8992048 -8.0651117 -34.8988423 142 1 85
73 1 4 9 -8.0650068 -34.8992048 -8.0643907 -34.8987592 365 4 59
74 1 4 10 -8.0650068 -34.8992048 -8.0643854 -34.8986519 368 4 99
75 1 4 11 -8.0650068 -34.8992048 -8.0643986 -34.8985338 365 4 1
76 1 4 12 -8.0650068 -34.8992048 -8.0640481 -34.8984534 368 4 81
77 1 4 13 -8.0650068 -34.8992048 -8.0640401 -34.8983568 365 4 67
78 1 4 14 -8.0650068 -34.8992048 -8.0640481 -34.8982147 368 4 14
79 1 4 15 -8.0650068 -34.8992048 -8.0642101 -34.8980564 377 4 27
80 1 4 16 -8.0650068 -34.8992048 -8.0636657 -34.8981476 362 4 38
81 1 5 0 -8.0649882 -34.8991136 -8.0652249 -34.899 20 1 80
82 1 5 1 -8.0649882 -34.8991136 -8.0650363 -34.8986969 33 1 22
83 1 5 2 -8.0649882 -34.8991136 -8.0656856 -34.8989249 59 1 86
84 1 5 3 -8.0649882 -34.8991136 -8.0656787 -34.8991297 92 1 68
85 1 5 4 -8.0649882 -34.8991136 -8.0650068 -34.8992048 9 1 95
86 1 5 6 -8.0649882 -34.8991136 -8.0649537 -34.8990144 12 1 14
87 1 5 7 -8.0649882 -34.8991136 -8.0649298 -34.8988986 30 1 63
88 1 5 8 -8.0649882 -34.8991136 -8.0651117 -34.8988423 135 1 2
89 1 5 9 -8.0649882 -34.8991136 -8.0643907 -34.8987592 368 4 6
90 1 5 10 -8.0649882 -34.8991136 -8.0643854 -34.8986519 371 4 90
91 1 5 11 -8.0649882 -34.8991136 -8.0643986 -34.8985338 368 4 43
92 1 5 12 -8.0649882 -34.8991136 -8.0640481 -34.8984534 371 4 47
93 1 5 13 -8.0649882 -34.8991136 -8.0640401 -34.8983568 358 4 26
94 1 5 14 -8.0649882 -34.8991136 -8.0640481 -34.8982147 371 4 22
95 1 5 15 -8.0649882 -34.8991136 -8.0642101 -34.8980564 380 4 93
96 1 5 16 -8.0649882 -34.8991136 -8.0636657 -34.8981476 365 4 8
97 1 6 0 -8.0649537 -34.8990144 -8.0652249 -34.899 10 1 90
98 1 6 1 -8.0649537 -34.8990144 -8.0650363 -34.8986969 14 1 56
99 1 6 2 -8.0649537 -34.8990144 -8.0656856 -34.8989249 44 1 51
100 1 6 3 -8.0649537 -34.8990144 -8.0656787 -34.8991297 91 1 60
101 1 6 4 -8.0649537 -34.8990144 -8.0650068 -34.8992048 15 1 85
102 1 6 5 -8.0649537 -34.8990144 -8.0649882 -34.8991136 21 1 31
103 1 6 7 -8.0649537 -34.8990144 -8.0649298 -34.8988986 9 1 27
104 1 6 8 -8.0649537 -34.8990144 -8.0651117 -34.8988423 116 1 46
105 1 6 9 -8.0649537 -34.8990144 -8.0643907 -34.8987592 359 4 50
106 1 6 10 -8.0649537 -34.8990144 -8.0643854 -34.8986519 362 4 86
107 1 6 11 -8.0649537 -34.8990144 -8.0643986 -34.8985338 359 4 87
108 1 6 12 -8.0649537 -34.8990144 -8.0640481 -34.8984534 362 4 69
109 1 6 13 -8.0649537 -34.8990144 -8.0640401 -34.8983568 359 4 75
110 1 6 14 -8.0649537 -34.8990144 -8.0640481 -34.8982147 362 4 90
111 1 6 15 -8.0649537 -34.8990144 -8.0642101 -34.8980564 371 4 15
112 1 6 16 -8.0649537 -34.8990144 -8.0636657 -34.8981476 356 4 25
113 1 7 0 -8.0649298 -34.8988986 -8.0652249 -34.899 10 1 27
114 1 7 1 -8.0649298 -34.8988986 -8.0650363 -34.8986969 13 1 97
115 1 7 2 -8.0649298 -34.8988986 -8.0656856 -34.8989249 52 1 78
116 1 7 3 -8.0649298 -34.8988986 -8.0656787 -34.8991297 91 1 78
117 1 7 4 -8.0649298 -34.8988986 -8.0650068 -34.8992048 27 1 26
118 1 7 5 -8.0649298 -34.8988986 -8.0649882 -34.8991136 36 1 52
119 1 7 6 -8.0649298 -34.8988986 -8.0649537 -34.8990144 15 1 17
120 1 7 8 -8.0649298 -34.8988986 -8.0651117 -34.8988423 123 1 59
121 1 7 9 -8.0649298 -34.8988986 -8.0643907 -34.8987592 356 4 21
122 1 7 10 -8.0649298 -34.8988986 -8.0643854 -34.8986519 359 4 37
123 1 7 11 -8.0649298 -34.8988986 -8.0643986 -34.8985338 356 4 42
124 1 7 12 -8.0649298 -34.8988986 -8.0640481 -34.8984534 359 4 72
125 1 7 13 -8.0649298 -34.8988986 -8.0640401 -34.8983568 356 4 63
126 1 7 14 -8.0649298 -34.8988986 -8.0640481 -34.8982147 359 4 79
127 1 7 15 -8.0649298 -34.8988986 -8.0642101 -34.8980564 368 4 62
128 1 7 16 -8.0649298 -34.8988986 -8.0636657 -34.8981476 353 4 17
129 1 8 0 -8.0651117 -34.8988423 -8.0652249 -34.899 120 1 17
130 1 8 1 -8.0651117 -34.8988423 -8.0650363 -34.8986969 99 1 71
131 1 8 2 -8.0651117 -34.8988423 -8.0656856 -34.8989249 92 1 53
132 1 8 3 -8.0651117 -34.8988423 -8.0656787 -34.8991297 100 1 66
133 1 8 4 -8.0651117 -34.8988423 -8.0650068 -34.8992048 142 2 24
134 1 8 5 -8.0651117 -34.8988423 -8.0649882 -34.8991136 135 2 56
135 1 8 6 -8.0651117 -34.8988423 -8.0649537 -34.8990144 116 2 97
136 1 8 7 -8.0651117 -34.8988423 -8.0649298 -34.8988986 123 2 95
137 1 8 9 -8.0651117 -34.8988423 -8.0643907 -34.8987592 233 3 98
138 1 8 10 -8.0651117 -34.8988423 -8.0643854 -34.8986519 236 3 13
139 1 8 11 -8.0651117 -34.8988423 -8.0643986 -34.8985338 233 3 87
140 1 8 12 -8.0651117 -34.8988423 -8.0640481 -34.8984534 236 3 21
141 1 8 13 -8.0651117 -34.8988423 -8.0640401 -34.8983568 233 3 14
142 1 8 14 -8.0651117 -34.8988423 -8.0640481 -34.8982147 236 3 83
143 1 8 15 -8.0651117 -34.8988423 -8.0642101 -34.8980564 245 3 16
144 1 8 16 -8.0651117 -34.8988423 -8.0636657 -34.8981476 230 3 88
145 1 9 0 -8.0643907 -34.8987592 -8.0652249 -34.899 353 4 99
146 1 9 1 -8.0643907 -34.8987592 -8.0650363 -34.8986969 353 4 89
147 1 9 2 -8.0643907 -34.8987592 -8.0656856 -34.8989249 309 4 55
148 1 9 3 -8.0643907 -34.8987592 -8.0656787 -34.8991297 350 4 83
149 1 9 4 -8.0643907 -34.8987592 -8.0650068 -34.8992048 362 4 46
150 1 9 5 -8.0643907 -34.8987592 -8.0649882 -34.8991136 365 4 41
151 1 9 6 -8.0643907 -34.8987592 -8.0649537 -34.8990144 356 4 42
152 1 9 7 -8.0643907 -34.8987592 -8.0649298 -34.8988986 353 4 99
153 1 9 8 -8.0643907 -34.8987592 -8.0651117 -34.8988423 233 3 100
154 1 9 10 -8.0643907 -34.8987592 -8.0643854 -34.8986519 10 1 35
155 1 9 11 -8.0643907 -34.8987592 -8.0643986 -34.8985338 21 1 8
156 1 9 12 -8.0643907 -34.8987592 -8.0640481 -34.8984534 18 1 15
157 1 9 13 -8.0643907 -34.8987592 -8.0640401 -34.8983568 21 1 81
158 1 9 14 -8.0643907 -34.8987592 -8.0640481 -34.8982147 18 1 90
159 1 9 15 -8.0643907 -34.8987592 -8.0642101 -34.8980564 30 1 10
160 1 9 16 -8.0643907 -34.8987592 -8.0636657 -34.8981476 12 1 42
161 1 10 0 -8.0643854 -34.8986519 -8.0652249 -34.899 356 4 86
162 1 10 1 -8.0643854 -34.8986519 -8.0650363 -34.8986969 356 4 95
163 1 10 2 -8.0643854 -34.8986519 -8.0656856 -34.8989249 315 4 6
164 1 10 3 -8.0643854 -34.8986519 -8.0656787 -34.8991297 356 4 50
165 1 10 4 -8.0643854 -34.8986519 -8.0650068 -34.8992048 368 4 16
166 1 10 5 -8.0643854 -34.8986519 -8.0649882 -34.8991136 371 4 39
167 1 10 6 -8.0643854 -34.8986519 -8.0649537 -34.8990144 362 4 14
168 1 10 7 -8.0643854 -34.8986519 -8.0649298 -34.8988986 359 4 1
169 1 10 8 -8.0643854 -34.8986519 -8.0651117 -34.8988423 236 3 4
170 1 10 9 -8.0643854 -34.8986519 -8.0643907 -34.8987592 9 1 59
171 1 10 11 -8.0643854 -34.8986519 -8.0643986 -34.8985338 9 1 30
172 1 10 12 -8.0643854 -34.8986519 -8.0640481 -34.8984534 24 1 41
173 1 10 13 -8.0643854 -34.8986519 -8.0640401 -34.8983568 9 1 13
174 1 10 14 -8.0643854 -34.8986519 -8.0640481 -34.8982147 24 1 2
175 1 10 15 -8.0643854 -34.8986519 -8.0642101 -34.8980564 21 1 98
176 1 10 16 -8.0643854 -34.8986519 -8.0636657 -34.8981476 15 1 7
177 1 11 0 -8.0643986 -34.8985338 -8.0652249 -34.899 403 5 8
178 1 11 1 -8.0643986 -34.8985338 -8.0650363 -34.8986969 353 4 63
179 1 11 2 -8.0643986 -34.8985338 -8.0656856 -34.8989249 312 4 11
180 1 11 3 -8.0643986 -34.8985338 -8.0656787 -34.8991297 353 4 84
181 1 11 4 -8.0643986 -34.8985338 -8.0650068 -34.8992048 365 4 7
182 1 11 5 -8.0643986 -34.8985338 -8.0649882 -34.8991136 368 4 65
183 1 11 6 -8.0643986 -34.8985338 -8.0649537 -34.8990144 359 4 19
184 1 11 7 -8.0643986 -34.8985338 -8.0649298 -34.8988986 356 4 69
185 1 11 8 -8.0643986 -34.8985338 -8.0651117 -34.8988423 233 3 20
186 1 11 9 -8.0643986 -34.8985338 -8.0643907 -34.8987592 18 1 71
187 1 11 10 -8.0643986 -34.8985338 -8.0643854 -34.8986519 10 1 44
188 1 11 12 -8.0643986 -34.8985338 -8.0640481 -34.8984534 10 1 98
189 1 11 13 -8.0643986 -34.8985338 -8.0640401 -34.8983568 18 1 24
190 1 11 14 -8.0643986 -34.8985338 -8.0640481 -34.8982147 10 1 72
191 1 11 15 -8.0643986 -34.8985338 -8.0642101 -34.8980564 30 1 47
192 1 11 16 -8.0643986 -34.8985338 -8.0636657 -34.8981476 10 1 92
193 1 12 0 -8.0640481 -34.8984534 -8.0652249 -34.899 356 4 98
194 1 12 1 -8.0640481 -34.8984534 -8.0650363 -34.8986969 406 5 59
195 1 12 2 -8.0640481 -34.8984534 -8.0656856 -34.8989249 412 5 52
196 1 12 3 -8.0640481 -34.8984534 -8.0656787 -34.8991297 456 6 94
197 1 12 4 -8.0640481 -34.8984534 -8.0650068 -34.8992048 368 4 35
198 1 12 5 -8.0640481 -34.8984534 -8.0649882 -34.8991136 371 4 90
199 1 12 6 -8.0640481 -34.8984534 -8.0649537 -34.8990144 362 4 98
200 1 12 7 -8.0640481 -34.8984534 -8.0649298 -34.8988986 359 4 48
201 1 12 8 -8.0640481 -34.8984534 -8.0651117 -34.8988423 236 3 54
202 1 12 9 -8.0640481 -34.8984534 -8.0643907 -34.8987592 15 1 4
203 1 12 10 -8.0640481 -34.8984534 -8.0643854 -34.8986519 18 1 74
204 1 12 11 -8.0640481 -34.8984534 -8.0643986 -34.8985338 10 1 8
205 1 12 13 -8.0640481 -34.8984534 -8.0640401 -34.8983568 10 1 61
206 1 12 14 -8.0640481 -34.8984534 -8.0640481 -34.8982147 18 1 4
207 1 12 15 -8.0640481 -34.8984534 -8.0642101 -34.8980564 21 1 44
208 1 12 16 -8.0640482 -34.8984535 -8.0636657 -34.8981476 12 1 35
209 1 13 0 -8.0640401 -34.8983568 -8.0652249 -34.899 353 4 82
210 1 13 1 -8.0640401 -34.8983568 -8.0650363 -34.8986969 353 4 24
211 1 13 2 -8.0640401 -34.8983568 -8.0656856 -34.8989249 362 4 83
212 1 13 3 -8.0640401 -34.8983568 -8.0656787 -34.8991297 353 4 2
213 1 13 4 -8.0640401 -34.8983568 -8.0650068 -34.8992048 362 4 38
214 1 13 5 -8.0640401 -34.8983568 -8.0649882 -34.8991136 365 4 39
215 1 13 6 -8.0640401 -34.8983568 -8.0649537 -34.8990144 359 4 92
216 1 13 7 -8.0640401 -34.8983568 -8.0649298 -34.8988986 356 4 27
217 1 13 8 -8.0640401 -34.8983568 -8.0651117 -34.8988423 233 3 56
218 1 13 9 -8.0640401 -34.8983568 -8.0643907 -34.8987592 18 1 42
219 1 13 10 -8.0640401 -34.8983568 -8.0643854 -34.8986519 10 1 16
220 1 13 11 -8.0640401 -34.8983568 -8.0643986 -34.8985338 18 1 5
221 1 13 12 -8.0640401 -34.8983568 -8.0640481 -34.8984534 10 1 7
222 1 13 14 -8.0640401 -34.8983568 -8.0640481 -34.8982147 10 1 44
223 1 13 15 -8.0640401 -34.8983568 -8.0642101 -34.8980564 27 1 72
224 1 13 16 -8.0640401 -34.8983568 -8.0636657 -34.8981476 10 1 78
225 1 14 0 -8.0640481 -34.8982147 -8.0652249 -34.899 356 4 43
226 1 14 1 -8.0640481 -34.8982147 -8.0650363 -34.8986969 356 4 56
227 1 14 2 -8.0640481 -34.8982147 -8.0656856 -34.8989249 365 4 19
228 1 14 3 -8.0640481 -34.8982147 -8.0656787 -34.8991297 356 4 32
229 1 14 4 -8.0640481 -34.8982147 -8.0650068 -34.8992048 368 4 12
230 1 14 5 -8.0640481 -34.8982147 -8.0649882 -34.8991136 371 4 90
231 1 14 6 -8.0640481 -34.8982147 -8.0649537 -34.8990144 362 4 77
232 1 14 7 -8.0640481 -34.8982147 -8.0649298 -34.8988986 359 4 30
233 1 14 8 -8.0640481 -34.8982147 -8.0651117 -34.8988423 236 3 38
234 1 14 9 -8.0640481 -34.8982147 -8.0643907 -34.8987592 15 1 45
235 1 14 10 -8.0640481 -34.8982147 -8.0643854 -34.8986519 18 1 22
236 1 14 11 -8.0640481 -34.8982147 -8.0643986 -34.8985338 10 1 15
237 1 14 12 -8.0640481 -34.8982147 -8.0640481 -34.8984534 18 1 85
238 1 14 13 -8.0640481 -34.8982147 -8.0640401 -34.8983568 10 1 15
239 1 14 15 -8.0640481 -34.8982147 -8.0642101 -34.8980564 24 1 37
240 1 14 16 -8.0640481 -34.8982147 -8.0636657 -34.8981476 12 1 35
241 1 15 0 -8.0642101 -34.8980564 -8.0652249 -34.899 315 4 90
242 1 15 1 -8.0642101 -34.8980564 -8.0650363 -34.8986969 365 4 67
243 1 15 2 -8.0642101 -34.8980564 -8.0656856 -34.8989249 374 4 71
244 1 15 3 -8.0642101 -34.8980564 -8.0656787 -34.8991297 365 4 5
245 1 15 4 -8.0642101 -34.8980564 -8.0650068 -34.8992048 377 4 79
246 1 15 5 -8.0642101 -34.8980564 -8.0649882 -34.8991136 380 4 39
247 1 15 6 -8.0642101 -34.8980564 -8.0649537 -34.8990144 371 4 66
248 1 15 7 -8.0642101 -34.8980564 -8.0649298 -34.8988986 368 4 43
249 1 15 8 -8.0642101 -34.8980564 -8.0651117 -34.8988423 245 3 85
250 1 15 9 -8.0642101 -34.8980564 -8.0643907 -34.8987592 27 1 32
251 1 15 10 -8.0642101 -34.8980564 -8.0643854 -34.8986519 21 1 88
252 1 15 11 -8.0642101 -34.8980564 -8.0643986 -34.8985338 30 1 1
253 1 15 12 -8.0642101 -34.8980564 -8.0640481 -34.8984534 21 1 58
254 1 15 13 -8.0642101 -34.8980564 -8.0640401 -34.8983568 27 1 24
255 1 15 14 -8.0642101 -34.8980564 -8.0640481 -34.8982147 21 1 7
256 1 15 16 -8.0642101 -34.8980564 -8.0636657 -34.8981476 30 1 54
257 1 16 0 -8.0636657 -34.8981476 -8.0652249 -34.899 400 5 95
258 1 16 1 -8.0636657 -34.8981476 -8.0650363 -34.8986969 350 4 81
259 1 16 2 -8.0636657 -34.8981476 -8.0656856 -34.8989249 359 4 75
260 1 16 3 -8.0636657 -34.8981476 -8.0656787 -34.8991297 350 4 55
261 1 16 4 -8.0636657 -34.8981476 -8.0650068 -34.8992048 362 4 6
262 1 16 5 -8.0636657 -34.8981476 -8.0649882 -34.8991136 365 4 69
263 1 16 6 -8.0636657 -34.8981476 -8.0649537 -34.8990144 356 4 68
264 1 16 7 -8.0636657 -34.8981476 -8.0649298 -34.8988986 353 4 72
265 1 16 8 -8.0636657 -34.8981476 -8.0651117 -34.8988423 230 3 7
266 1 16 9 -8.0636657 -34.8981476 -8.0643907 -34.8987592 12 1 16
267 1 16 10 -8.0636657 -34.8981476 -8.0643854 -34.8986519 15 1 52
268 1 16 11 -8.0636657 -34.8981476 -8.0643986 -34.8985338 10 1 4
269 1 16 12 -8.0636657 -34.8981476 -8.0640481 -34.8984534 12 1 47
270 1 16 13 -8.0636657 -34.8981476 -8.0640401 -34.8983568 10 1 73
271 1 16 14 -8.0636657 -34.8981476 -8.0640481 -34.8982147 12 1 11
272 1 16 15 -8.0636657 -34.8981476 -8.0642101 -34.8980564 30 1 59
-1