1 29.0
2 32.0
3 25.0
4 28.0
5 29.0
6 36.0
7 29.0
8 33.0
9 28.0
10 34.0
11 35.0
12 27.0
13 25.0
14 23.0
15 20.0
16 17.0
17 28.0
18 26.0
19 31.0
20 20.0
21 21.0
22 24.0
23 28.0
24 35.0
25 25.0
26 26.0
27 26.0
28 34.0
29 28.0
30 28.0
31 23.0
32 27.0
33 22.0
34 22.0
35 19.0
36 31.0
37 31.0
38 34.0
39 24.0
40 23.0
41 22.0
42 24.0
43 16.0
44 21.0
45 35.0
46 22.0
47 22.0
48 25.0
49 29.0
50 28.0
51 29.0
52 22.0
53 15.0
54 26.0
55 29.0
56 24.0
57 28.0
58 23.0
59 29.0
60 25.0
61 30.0
62 27.0
63 29.0
64 27.0
65 27.0
66 29.0
67 22.0
68 30.0
69 21.0
70 22.0
71 22.0
72 21.0
73 18.0
74 25.0
75 32.0
76 24.0
77 21.0
78 21.0
79 30.0
80 36.0
81 26.0
82 33.0
83 20.0
84 23.0
85 28.0
86 23.0
87 26.0
88 30.0
89 23.0
90 32.0
91 27.0
92 21.0
93 27.0
94 34.0
95 22.0
96 27.0
97 32.0
98 22.0
99 27.0
100 25.0
101 29.0
102 32.0
103 24.0
104 18.0
105 27.0
106 21.0
107 33.0
108 24.0
109 20.0
110 30.0
111 32.0
112 16.0
113 30.0
114 24.0
115 22.0
116 22.0
117 17.0
118 25.0
119 22.0
120 28.0
121 21.0
122 16.0
123 20.0
124 20.0
125 21.0
126 16.0
127 22.0
128 22.0
129 14.0
130 21.0
131 21.0
132 26.0
133 14.0
134 24.0
135 27.0
136 25.0
137 21.0
138 22.0
139 24.0
140 14.0
141 17.0
142 21.0
143 7.0
144 27.0
145 18.0
146 22.0
147 21.0
148 17.0
149 15.0
150 20.0
151 20.0
152 21.0
153 17.0
154 18.0
155 16.0
156 26.0
157 22.0
158 20.0
159 22.0
160 14.0
161 28.0
162 25.0
163 22.0
164 26.0
165 18.0
166 22.0
167 24.0
168 19.0
169 19.0
170 25.0
171 19.0
172 23.0
173 20.0
174 14.0
175 12.0
176 23.0
177 16.0
178 22.0
179 13.0
180 17.0
181 22.0
182 18.0
183 16.0
184 16.0
185 17.0
186 20.0
187 16.0
188 14.0
189 17.0
190 18.0
191 20.0
192 19.0
193 21.0
194 21.0
195 25.0
196 16.0
197 22.0
198 16.0
199 21.0
200 28.0
201 21.0
202 23.0
203 22.0
204 19.0
205 17.0
206 20.0
207 19.0
208 25.0
209 21.0
210 23.0
211 24.0
212 12.0
213 22.0
214 16.0
215 25.0
216 17.0
217 21.0
218 18.0
219 28.0
220 20.0
221 30.0
222 19.0
223 22.0
224 22.0
225 24.0
226 23.0
227 14.0
228 24.0
229 17.0
230 20.0
231 19.0
232 24.0
233 21.0
234 27.0
235 30.0
236 20.0
237 27.0
238 28.0
239 28.0
240 19.0
241 20.0
242 24.0
243 20.0
244 31.0
245 22.0
246 20.0
247 23.0
248 27.0
249 23.0
250 27.0
251 30.0
252 17.0
253 26.0
254 18.0
255 25.0
256 19.0
257 20.0
258 25.0
259 18.0
260 23.0
261 18.0
262 18.0
263 15.0
264 23.0
265 22.0
266 15.0
267 22.0
268 28.0
269 25.0
270 17.0
271 20.0
272 20.0
273 21.0
274 20.0
275 24.0
276 16.0
277 21.0
278 17.0
279 17.0
280 23.0
281 19.0
282 25.0
283 18.0
284 19.0
285 18.0
286 16.0
287 21.0
288 17.0
289 22.0
290 22.0
291 15.0
292 23.0
293 21.0
294 17.0
295 24.0
296 14.0
297 24.0
298 19.0
299 13.0
300 21.0
301 19.0
302 20.0
303 17.0
304 19.0
305 26.0
306 19.0
307 12.0
308 21.0
309 20.0
310 28.0
311 18.0
312 23.0
313 19.0
314 23.0
315 13.0
316 17.0
317 19.0
318 22.0
319 17.0
320 21.0
321 29.0
322 19.0
323 22.0
324 24.0
325 23.0
326 25.0
327 17.0
328 23.0
329 14.0
330 21.0
331 21.0
332 21.0
333 17.0
334 23.0
335 19.0
336 18.0
337 24.0
338 28.0
339 21.0
340 24.0
341 21.0
342 18.0
343 32.0
344 27.0
345 24.0
346 15.0
347 22.0
348 21.0
349 20.0
350 25.0
351 23.0
352 20.0
353 20.0
354 21.0
355 16.0
356 17.0
357 14.0
358 23.0
359 14.0
360 33.0
361 18.0
362 20.0
363 23.0
364 29.0
365 19.0
366 26.0
367 16.0
368 20.0
369 22.0
370 20.0
371 23.0
372 30.0
373 16.0
374 22.0
375 22.0
376 18.0
377 17.0
378 16.0
379 29.0
380 15.0
381 27.0
382 18.0
383 21.0
384 29.0
385 21.0
386 26.0
387 15.0
388 23.0
389 17.0
390 11.0
391 24.0
392 15.0
393 25.0
394 25.0
395 25.0
396 22.0
397 19.0
398 24.0
399 19.0
400 26.0
401 23.0
402 19.0
403 18.0
404 19.0
405 15.0
406 18.0
407 20.0
408 20.0
409 25.0
410 18.0
411 23.0
412 19.0
413 21.0
414 20.0
415 19.0
416 18.0
417 17.0
418 26.0
419 18.0
420 15.0
421 18.0
422 27.0
423 25.0
424 16.0
425 22.0
426 12.0
427 24.0
428 23.0
429 23.0
430 20.0
431 22.0
432 23.0
433 21.0
434 30.0
435 21.0
436 27.0
437 26.0
438 28.0
439 22.0
440 27.0
441 18.0
442 23.0
443 21.0
444 21.0
445 19.0
446 25.0
447 25.0
448 23.0
449 23.0
450 25.0
451 22.0
452 21.0
453 31.0
454 25.0
455 25.0
456 28.0
457 19.0
458 25.0
459 18.0
460 28.0
461 26.0
462 20.0
463 25.0
464 19.0
465 21.0
466 28.0
467 17.0
468 28.0
469 31.0
470 24.0
471 31.0
472 26.0
473 26.0
474 34.0
475 27.0
476 24.0
477 20.0
478 28.0
479 28.0
480 32.0
481 29.0
482 26.0
483 22.0
484 23.0
485 22.0
486 17.0
487 22.0
488 29.0
489 19.0
490 25.0
491 27.0
492 27.0
493 32.0
494 22.0
495 32.0
496 25.0
497 17.0
498 17.0
499 18.0
500 22.0
501 21.0
502 20.0
503 17.0
504 22.0
505 25.0
506 17.0
507 20.0
508 20.0
509 17.0
510 15.0
511 20.0
512 17.0
513 19.0
514 19.0
515 22.0
516 27.0
517 21.0
518 26.0
519 24.0
520 28.0
521 23.0
522 21.0
523 30.0
524 22.0
525 24.0
526 21.0
527 34.0
528 27.0
529 29.0
530 21.0
531 25.0
532 23.0
533 24.0
534 21.0
535 20.0
536 29.0
537 32.0
538 23.0
539 23.0
540 19.0
541 21.0
542 14.0
543 17.0
544 24.0
545 32.0
546 27.0
547 21.0
548 24.0
549 29.0
550 25.0
551 23.0
552 25.0
553 23.0
554 28.0
555 21.0
556 25.0
557 22.0
558 22.0
559 21.0
560 25.0
561 25.0
562 18.0
563 23.0
564 18.0
565 28.0
566 24.0
567 27.0
568 35.0
569 32.0
570 24.0
571 20.0
572 18.0
573 25.0
574 20.0
575 23.0
576 26.0
577 26.0
578 27.0
579 29.0
580 23.0
581 21.0
582 22.0
583 17.0
584 9.0
585 14.0
586 29.0
587 35.0
588 36.0
589 32.0
590 28.0
591 23.0
592 18.0
593 25.0
594 26.0
595 31.0
596 33.0
597 33.0
598 21.0
599 15.0
600 21.0
601 23.0
602 29.0
603 36.0
604 29.0
605 31.0
606 24.0
607 21.0
608 18.0
609 24.0
610 31.0
611 27.0
612 31.0
613 27.0
614 21.0
615 19.0
616 16.0
617 23.0
618 25.0
619 37.0
620 38.0
621 34.0
622 29.0
623 26.0
624 24.0
625 28.0
626 29.0
627 28.0
628 19.0
629 27.0
630 22.0
631 25.0
632 30.0
633 34.0
634 33.0
635 34.0
636 37.0
637 25.0
638 34.0
639 28.0
640 21.0
641 28.0
642 21.0
643 19.0
644 26.0
645 27.0
646 29.0
647 20.0
648 22.0
649 25.0
650 13.0
651 21.0
652 31.0
653 32.0
654 27.0
655 19.0
656 21.0
657 21.0
658 20.0
659 26.0
660 21.0
661 20.0
662 28.0
663 23.0
664 20.0
665 20.0
666 30.0
667 37.0
668 32.0
669 28.0
670 15.0
671 16.0
672 19.0
673 20.0
674 29.0
675 28.0
676 30.0
677 25.0
678 23.0
679 22.0
680 23.0
681 31.0
682 28.0
683 19.0
684 22.0
685 20.0
686 21.0
687 18.0
688 25.0
689 24.0
690 21.0
691 25.0
692 28.0
693 20.0
694 22.0
695 15.0
696 18.0
697 20.0
698 17.0
699 20.0
700 34.0
701 23.0
702 20.0
703 24.0
704 16.0
705 25.0
706 35.0
707 34.0
708 32.0
709 30.0
710 22.0
711 20.0
712 19.0
713 24.0
714 28.0
715 33.0
716 29.0
717 27.0
718 24.0
719 26.0
720 27.0
721 19.0
722 31.0
723 19.0
724 21.0
725 29.0
726 30.0
727 36.0
728 36.0
729 27.0
730 14.0
731 20.0
732 22.0
733 28.0
734 38.0
735 27.0
736 31.0
737 32.0
738 30.0
739 41.0
740 25.0
741 27.0
742 26.0
743 17.0
744 22.0
745 17.0
746 37.0
747 30.0
748 30.0
749 22.0
750 26.0
751 28.0
752 23.0
753 27.0
754 27.0
755 31.0
756 38.0
757 32.0
758 25.0
759 22.0
760 21.0
761 25.0
762 27.0
763 26.0
764 25.0
765 21.0
766 22.0
767 22.0
768 25.0
769 28.0
770 31.0
771 34.0
772 32.0
773 17.0
774 19.0
775 25.0
776 18.0
777 20.0
778 27.0
779 24.0
780 30.0
781 20.0
782 25.0
783 26.0
784 23.0
785 22.0
786 22.0
787 25.0
788 27.0
789 23.0
790 38.0
791 33.0
792 37.0
793 30.0
794 25.0
795 22.0
796 16.0
797 30.0
798 31.0
799 40.0
800 32.0
801 28.0
802 22.0
803 29.0
804 23.0
805 19.0
806 16.0
807 19.0
808 28.0
809 34.0
810 26.0
811 28.0
812 32.0
813 22.0
814 20.0
815 25.0
816 29.0
817 34.0
818 35.0
819 31.0
820 26.0
821 24.0
822 24.0
823 32.0
824 37.0
825 24.0
826 24.0
827 21.0
828 22.0
829 19.0
830 23.0
831 22.0
832 22.0
833 28.0
834 21.0
835 25.0
836 24.0
837 26.0
838 15.0
839 25.0
840 23.0
841 26.0
842 34.0
843 29.0
844 25.0
845 25.0
846 20.0
847 23.0
848 34.0
849 25.0
850 21.0
851 28.0
852 31.0
853 26.0
854 32.0
855 28.0
856 33.0
857 40.0
858 22.0
859 28.0
860 29.0
861 25.0
862 24.0
863 34.0
864 21.0
865 25.0
866 21.0
867 18.0
868 22.0
869 29.0
870 25.0
871 29.0
872 24.0
873 26.0
874 24.0
875 23.0
876 14.0
877 16.0
878 18.0
879 16.0
880 24.0
881 26.0
882 29.0
883 26.0
884 29.0
885 16.0
886 20.0
887 25.0
888 33.0
889 39.0
890 29.0
891 26.0
892 21.0
893 20.0
894 18.0
895 26.0
896 40.0
897 29.0
898 28.0
899 26.0
900 25.0
901 24.0
902 25.0
903 25.0
904 25.0
905 23.0
906 23.0
907 29.0
908 21.0
909 23.0
910 23.0
911 21.0
912 29.0
913 24.0
914 22.0
915 25.0
916 41.0
917 29.0
918 30.0
919 19.0
920 16.0
921 19.0
922 27.0
923 35.0
924 30.0
925 34.0
926 21.0
927 24.0
928 25.0
929 25.0
930 27.0
931 23.0
932 15.0
933 22.0
934 27.0
935 19.0
936 19.0
937 28.0
938 27.0
939 26.0
940 19.0
941 18.0
942 15.0
943 25.0
944 29.0
945 31.0
946 38.0
947 21.0
948 26.0
949 22.0
950 25.0
951 29.0
952 36.0
953 20.0
954 23.0
955 21.0
956 28.0
957 25.0
958 27.0
959 34.0
960 29.0
961 23.0
962 21.0
963 31.0
964 27.0
965 29.0
966 24.0
967 16.0
968 12.0
969 18.0
970 38.0
971 36.0
972 25.0
973 22.0
974 23.0
975 21.0
976 22.0
977 17.0
978 19.0
979 17.0
980 22.0
981 35.0
982 38.0
983 32.0
984 25.0
985 20.0
986 22.0
987 24.0
988 23.0
989 23.0
990 22.0
991 27.0
992 31.0
993 28.0
994 25.0
995 26.0
996 17.0
997 18.0
998 14.0
999 17.0
1000 19.0
1001 22.0
1002 23.0
1003 21.0
1004 19.0
1005 31.0
1006 26.0
1007 23.0
1008 21.0
1009 20.0
1010 21.0
1011 19.0
1012 17.0
1013 14.0
1014 13.0
1015 17.0
1016 24.0
1017 24.0
1018 37.0
1019 31.0
1020 24.0
1021 14.0
1022 13.0
1023 24.0
1024 21.0
1025 18.0
1026 20.0
1027 23.0
1028 23.0
1029 21.0
1030 24.0
1031 27.0
1032 22.0
1033 17.0
1034 26.0
1035 30.0
1036 26.0
1037 33.0
1038 27.0
1039 30.0
1040 26.0
1041 24.0
1042 18.0
1043 19.0
1044 28.0
1045 27.0
1046 24.0
1047 23.0
1048 33.0
1049 25.0
1050 28.0
1051 29.0
1052 31.0
1053 27.0
1054 20.0
1055 23.0
1056 20.0
1057 31.0
1058 48.0
1059 43.0
1060 30.0
1061 29.0
1062 21.0
1063 24.0
1064 28.0
1065 28.0
1066 23.0
1067 30.0
1068 34.0
1069 40.0
1070 25.0
1071 28.0
1072 24.0
1073 26.0
1074 26.0
1075 19.0
1076 23.0
1077 27.0
1078 29.0
1079 25.0
1080 23.0
1081 24.0
1082 24.0
1083 17.0
1084 20.0
1085 17.0
1086 14.0
1087 17.0
1088 32.0
1089 38.0
1090 21.0
1091 26.0
1092 23.0
1093 25.0
1094 21.0
1095 23.0
1096 15.0
1097 26.0
1098 25.0
1099 26.0
1100 29.0
1101 33.0
1102 28.0
1103 26.0
1104 31.0
1105 30.0
1106 26.0
1107 24.0
1108 16.0
1109 19.0
1110 30.0
1111 24.0
1112 36.0
1113 22.0
1114 23.0
1115 25.0
1116 26.0
1117 22.0
1118 26.0
1119 21.0
1120 23.0
1121 25.0
1122 26.0
1123 21.0
1124 34.0
1125 30.0
1126 31.0
1127 28.0
1128 29.0
1129 25.0
1130 22.0
1131 23.0
1132 23.0
1133 31.0
1134 28.0
1135 27.0
1136 28.0
1137 29.0
1138 34.0
1139 21.0
1140 22.0
1141 16.0
1142 25.0
1143 27.0
1144 31.0
1145 22.0
1146 20.0
1147 23.0
1148 18.0
1149 21.0
1150 33.0
1151 19.0
1152 18.0
1153 15.0
1154 25.0
1155 27.0
1156 33.0
1157 25.0
1158 24.0
1159 22.0
1160 22.0
1161 31.0
1162 37.0
1163 42.0
1164 23.0
1165 26.0
1166 29.0
1167 28.0
1168 28.0
1169 20.0
1170 26.0
1171 23.0
1172 15.0
1173 10.0
1174 14.0
1175 26.0
1176 26.0
1177 20.0
1178 27.0
1179 35.0
1180 28.0
1181 23.0
1182 18.0
1183 18.0
1184 24.0
1185 17.0
1186 12.0
1187 18.0
1188 31.0
1189 33.0
1190 41.0
1191 38.0
1192 32.0
1193 25.0
1194 37.0
1195 23.0
1196 24.0
1197 20.0
1198 30.0
1199 26.0
1200 25.0
1201 26.0
1202 28.0
1203 24.0
1204 24.0
1205 27.0
1206 21.0
1207 20.0
1208 29.0
1209 29.0
1210 24.0
1211 24.0
1212 22.0
1213 22.0
1214 18.0
1215 26.0
1216 32.0
1217 23.0
1218 19.0
1219 15.0
1220 23.0
1221 28.0
1222 32.0
1223 28.0
1224 26.0
1225 21.0
1226 11.0
1227 14.0
1228 27.0
1229 32.0
1230 21.0
1231 24.0
1232 29.0
1233 26.0
1234 25.0
1235 22.0
1236 22.0
1237 19.0
1238 25.0
1239 23.0
1240 17.0
1241 11.0
1242 16.0
1243 16.0
1244 25.0
1245 30.0
1246 29.0
1247 28.0
1248 29.0
1249 27.0
1250 37.0
1251 32.0
1252 30.0
1253 28.0
1254 27.0
1255 26.0
1256 25.0
1257 20.0
1258 18.0
1259 21.0
1260 23.0
1261 20.0
1262 14.0
1263 16.0
1264 15.0
1265 14.0
1266 16.0
1267 22.0
1268 20.0
1269 25.0
1270 18.0
1271 23.0
1272 29.0
1273 31.0
1274 34.0
1275 22.0
1276 26.0
1277 22.0
1278 21.0
1279 18.0
1280 15.0
1281 20.0
1282 25.0
1283 23.0
1284 23.0
1285 25.0
1286 21.0
1287 23.0
1288 16.0
1289 20.0
1290 18.0
1291 25.0
1292 16.0
1293 20.0
1294 19.0
1295 20.0
1296 20.0
1297 13.0
1298 16.0
1299 27.0
1300 22.0
1301 15.0
1302 15.0
1303 16.0
1304 23.0
1305 22.0
1306 31.0
1307 29.0
1308 21.0
1309 25.0
1310 14.0
1311 19.0
1312 26.0
1313 23.0
1314 18.0
1315 12.0
1316 18.0
1317 17.0
1318 21.0
1319 24.0
1320 28.0
1321 24.0
1322 17.0
1323 9.0
1324 18.0
1325 17.0
1326 26.0
1327 29.0
1328 25.0
1329 20.0
1330 25.0
1331 38.0
1332 27.0
1333 34.0
1334 22.0
1335 22.0
1336 29.0
1337 25.0
1338 21.0
1339 17.0
1340 12.0
1341 13.0
1342 18.0
1343 18.0
1344 32.0
1345 24.0
1346 18.0
1347 21.0
1348 27.0
1349 17.0
1350 16.0
1351 19.0
1352 26.0
1353 31.0
1354 42.0
1355 32.0
1356 25.0
1357 25.0
1358 23.0
1359 18.0
1360 21.0
1361 15.0
1362 17.0
1363 15.0
1364 7.0
1365 18.0
1366 20.0
1367 24.0
1368 23.0
1369 32.0
1370 34.0
1371 32.0
1372 23.0
1373 21.0
1374 20.0
1375 12.0
1376 13.0
1377 16.0
1378 14.0
1379 21.0
1380 26.0
1381 23.0
1382 19.0
1383 22.0
1384 28.0
1385 20.0
1386 21.0
1387 23.0
1388 25.0
1389 26.0
1390 20.0
1391 22.0
1392 25.0
1393 39.0
1394 29.0
1395 27.0
1396 19.0
1397 22.0
1398 21.0
1399 19.0
1400 19.0
1401 19.0
1402 23.0
1403 26.0
1404 19.0
1405 27.0
1406 28.0
1407 29.0
1408 30.0
1409 28.0
1410 33.0
1411 26.0
1412 25.0
1413 21.0
1414 21.0
1415 26.0
1416 33.0
1417 22.0
1418 22.0
1419 26.0
1420 27.0
1421 28.0
1422 19.0
1423 17.0
1424 17.0
1425 32.0
1426 34.0
1427 35.0
1428 29.0
1429 20.0
1430 23.0
1431 19.0
1432 17.0
1433 24.0
1434 27.0
1435 26.0
1436 39.0
1437 43.0
1438 34.0
1439 26.0
1440 23.0
1441 18.0
1442 15.0
1443 19.0
1444 23.0
1445 27.0
1446 28.0
1447 30.0
1448 29.0
1449 33.0
1450 29.0
1451 31.0
1452 23.0
1453 16.0
1454 20.0
1455 18.0
1456 20.0
1457 24.0
1458 22.0
1459 30.0
1460 24.0
1461 28.0
1462 29.0
1463 34.0
1464 27.0
1465 30.0
1466 28.0
1467 22.0
1468 15.0
1469 22.0
1470 12.0
1471 20.0
1472 23.0
1473 23.0
1474 13.0
1475 19.0
1476 27.0
1477 29.0
1478 37.0
1479 38.0
1480 31.0
1481 24.0
1482 32.0
1483 34.0
1484 24.0
1485 30.0
1486 26.0
1487 24.0
1488 23.0
1489 15.0
1490 12.0
1491 18.0
1492 21.0
1493 30.0
1494 28.0
1495 20.0
1496 30.0
1497 18.0
1498 21.0
1499 19.0
1500 14.0
1501 13.0
1502 12.0
1503 13.0
1504 16.0
1505 19.0
1506 27.0
1507 34.0
1508 33.0
1509 21.0
1510 15.0
1511 22.0
1512 23.0
1513 22.0
1514 25.0
1515 30.0
1516 29.0
1517 24.0
1518 27.0
1519 33.0
1520 25.0
1521 27.0
1522 27.0
1523 32.0
1524 38.0
1525 34.0
1526 29.0
1527 19.0
1528 24.0
1529 19.0
1530 21.0
1531 20.0
1532 13.0
1533 13.0
1534 24.0
1535 30.0
1536 36.0
1537 37.0
1538 41.0
1539 35.0
1540 29.0
1541 18.0
1542 23.0
1543 28.0
1544 21.0
1545 14.0
1546 16.0
1547 20.0
1548 24.0
1549 28.0
1550 25.0
1551 15.0
1552 12.0
1553 12.0
1554 12.0
1555 23.0
1556 27.0
1557 37.0
1558 28.0
1559 21.0
1560 20.0
1561 19.0
1562 19.0
1563 14.0
1564 14.0
1565 15.0
1566 15.0
1567 11.0
1568 20.0
1569 25.0
1570 26.0
1571 18.0
1572 28.0
1573 24.0
1574 37.0
1575 40.0
1576 32.0
1577 24.0
1578 28.0
1579 24.0
1580 21.0
1581 20.0
1582 17.0
1583 17.0
1584 14.0
1585 14.0
1586 12.0
1587 14.0
1588 10.0
1589 16.0
1590 27.0
1591 26.0
1592 27.0
1593 35.0
1594 15.0
1595 21.0
1596 16.0
1597 14.0
1598 16.0
1599 20.0
1600 32.0
1601 40.0
1602 35.0
1603 18.0
1604 18.0
1605 21.0
1606 16.0
1607 14.0
1608 16.0
1609 14.0
1610 14.0
1611 21.0
1612 24.0
1613 36.0
1614 29.0
1615 23.0
1616 21.0
1617 26.0
1618 22.0
1619 17.0
1620 24.0
1621 21.0
1622 19.0
1623 13.0
1624 11.0
1625 8.0
1626 7.0
1627 8.0
1628 11.0
1629 12.0
1630 28.0
1631 26.0
1632 47.0
1633 35.0
1634 21.0
1635 24.0
1636 14.0
1637 9.0
1638 11.0
1639 14.0
1640 14.0
1641 13.0
1642 11.0
1643 12.0
1644 17.0
1645 23.0
1646 17.0
1647 18.0
1648 15.0
1649 13.0
1650 26.0
1651 36.0
1652 36.0
1653 33.0
1654 25.0
1655 19.0
1656 15.0
1657 15.0
1658 21.0
1659 17.0
1660 18.0
1661 18.0
1662 17.0
1663 14.0
1664 15.0
1665 17.0
1666 18.0
1667 16.0
1668 23.0
1669 18.0
1670 22.0
1671 30.0
1672 37.0
1673 27.0
1674 17.0
1675 21.0
1676 23.0
1677 16.0
1678 13.0
1679 18.0
1680 16.0
1681 16.0
1682 11.0
1683 14.0
1684 17.0
1685 12.0
1686 14.0
1687 11.0
1688 20.0
1689 20.0
1690 18.0
1691 23.0
1692 25.0
1693 20.0
1694 32.0
1695 33.0
1696 23.0
1697 11.0
1698 14.0
1699 12.0
1700 14.0
1701 15.0
1702 14.0
1703 23.0
1704 21.0
1705 24.0
1706 27.0
1707 30.0
1708 31.0
1709 17.0
1710 19.0
1711 16.0
1712 17.0
1713 10.0
1714 15.0
1715 15.0
1716 16.0
1717 14.0
1718 23.0
1719 15.0
1720 18.0
1721 24.0
1722 37.0
1723 28.0
1724 30.0
1725 27.0
1726 24.0
1727 17.0
1728 16.0
1729 16.0
1730 18.0
1731 24.0
1732 29.0
1733 23.0
1734 23.0
1735 19.0
1736 16.0
1737 16.0
1738 17.0
1739 12.0
1740 13.0
1741 16.0
1742 23.0
1743 28.0
1744 38.0
1745 39.0
1746 23.0
1747 25.0
1748 23.0
1749 18.0
1750 18.0
1751 20.0
1752 29.0
1753 42.0
1754 43.0
1755 55.0
1756 27.0
1757 36.0
1758 28.0
1759 20.0
1760 21.0
1761 23.0
1762 20.0
1763 18.0
1764 27.0
1765 18.0
1766 25.0
1767 24.0
1768 27.0
1769 33.0
1770 27.0
1771 22.0
1772 20.0
1773 21.0
1774 29.0
1775 20.0
1776 23.0
1777 22.0
1778 22.0
1779 20.0
1780 19.0
1781 21.0
1782 7.0
1783 11.0
1784 19.0
1785 15.0
1786 14.0
1787 21.0
1788 25.0
1789 18.0
1790 14.0
1791 14.0
1792 13.0
1793 23.0
1794 34.0
1795 35.0
1796 16.0
1797 11.0
1798 19.0
1799 14.0
1800 15.0
1801 22.0
1802 21.0
1803 20.0
1804 18.0
1805 15.0
1806 16.0
1807 20.0
1808 24.0
1809 27.0
1810 31.0
1811 18.0
1812 21.0
1813 16.0
1814 15.0
1815 11.0
1816 15.0
1817 8.0
1818 11.0
1819 17.0
1820 29.0
1821 39.0
1822 46.0
1823 34.0
1824 29.0
1825 24.0
1826 22.0
1827 19.0
1828 20.0
1829 17.0
1830 17.0
1831 13.0
1832 12.0
1833 18.0
1834 22.0
1835 38.0
1836 28.0
1837 27.0
1838 28.0
1839 29.0
1840 18.0
1841 14.0
1842 14.0
1843 11.0
1844 16.0
1845 21.0
1846 22.0
1847 29.0
1848 28.0
1849 26.0
1850 30.0
1851 24.0
1852 18.0
1853 12.0
1854 14.0
1855 13.0
1856 9.0
1857 12.0
1858 16.0
1859 19.0
1860 22.0
1861 49.0
1862 49.0
1863 28.0
1864 19.0
1865 19.0
1866 13.0
1867 13.0
1868 10.0
1869 9.0
1870 10.0
1871 13.0
1872 17.0
1873 14.0
1874 8.0
1875 13.0
1876 23.0
1877 21.0
1878 22.0
1879 16.0
1880 20.0
1881 30.0
1882 33.0
1883 35.0
1884 41.0
1885 43.0
1886 25.0
1887 29.0
1888 33.0
1889 20.0
1890 20.0
1891 10.0
1892 9.0
1893 9.0
1894 9.0
1895 7.0
1896 8.0
1897 10.0
1898 15.0
1899 10.0
1900 11.0
1901 9.0
1902 11.0
1903 11.0
1904 17.0
1905 16.0
1906 14.0
1907 28.0
1908 30.0
1909 19.0
1910 19.0
1911 12.0
1912 18.0
1913 10.0
1914 12.0
1915 15.0
1916 19.0
1917 14.0
1918 16.0
1919 17.0
1920 14.0
1921 11.0
1922 14.0
1923 16.0
1924 11.0
1925 14.0
1926 14.0
1927 19.0
1928 19.0
1929 13.0
1930 9.0
1931 11.0
1932 15.0
1933 13.0
1934 19.0
1935 16.0
1936 19.0
1937 18.0
1938 23.0
1939 22.0
1940 12.0
1941 8.0
1942 12.0
1943 13.0
1944 9.0
1945 13.0
1946 16.0
1947 23.0
1948 25.0
1949 43.0
1950 47.0
1951 25.0
1952 16.0
1953 9.0
1954 8.0
1955 8.0
1956 14.0
1957 21.0
1958 20.0
1959 14.0
1960 16.0
1961 12.0
1962 8.0
1963 14.0
1964 23.0
1965 20.0
1966 15.0
1967 12.0
1968 15.0
1969 15.0
1970 17.0
1971 25.0
1972 30.0
1973 28.0
1974 15.0
1975 14.0
1976 14.0
1977 9.0
1978 11.0
1979 11.0
1980 9.0
1981 12.0
1982 11.0
1983 11.0
1984 8.0
1985 8.0
1986 9.0
1987 11.0
1988 12.0
1989 12.0
1990 11.0
1991 6.0
1992 10.0
1993 9.0
1994 10.0
1995 10.0
1996 19.0
1997 28.0
1998 34.0
1999 25.0
2000 22.0
2001 25.0
2002 39.0
2003 38.0
2004 29.0
2005 18.0
2006 18.0
2007 14.0
2008 11.0
2009 14.0
2010 14.0
2011 17.0
2012 15.0
2013 15.0
2014 20.0
2015 22.0
2016 17.0
2017 7.0
2018 7.0
2019 5.0
2020 8.0
2021 8.0
2022 11.0
2023 9.0
2024 13.0
2025 14.0
2026 19.0
2027 20.0
2028 37.0
2029 28.0
2030 25.0
2031 13.0
2032 11.0
2033 11.0
2034 8.0
2035 11.0
2036 8.0
2037 6.0
2038 11.0
2039 9.0
2040 10.0
2041 8.0
2042 9.0
2043 8.0
2044 4.0
2045 5.0
2046 6.0
2047 6.0
2048 6.0
2049 6.0
2050 3.0
2051 4.0
2052 5.0
2053 8.0
2054 10.0
2055 9.0
2056 14.0
2057 8.0
2058 5.0
2059 7.0
2060 15.0
2061 17.0
2062 16.0
2063 15.0
2064 13.0
2065 16.0
2066 20.0
2067 13.0
2068 9.0
2069 7.0
2070 7.0
2071 4.0
2072 4.0
2073 12.0
2074 14.0
2075 14.0
2076 10.0
2077 11.0
2078 8.0
2079 14.0
2080 14.0
2081 16.0
2082 43.0
2083 29.0
2084 25.0
2085 16.0
2086 17.0
2087 18.0
2088 8.0
2089 11.0
2090 11.0
2091 11.0
2092 11.0
2093 9.0
2094 8.0
2095 8.0
2096 5.0
2097 4.0
2098 4.0
2099 4.0
2100 7.0
2101 6.0
2102 7.0
2103 20.0
2104 23.0
2105 35.0
2106 45.0
2107 37.0
2108 26.0
2109 20.0
2110 12.0
2111 12.0
2112 15.0
2113 21.0
2114 25.0
2115 13.0
2116 11.0
2117 13.0
2118 17.0
2119 16.0
2120 9.0
2121 8.0
2122 13.0
2123 16.0
2124 11.0
2125 12.0
2126 13.0
2127 8.0
2128 8.0
2129 5.0
2130 8.0
2131 9.0
2132 9.0
2133 15.0
2134 22.0
2135 19.0
2136 20.0
2137 23.0
2138 22.0
2139 22.0
2140 22.0
2141 27.0
2142 35.0
2143 19.0
2144 10.0
2145 11.0
2146 9.0
2147 11.0
2148 14.0
2149 13.0
2150 19.0
2151 18.0
2152 21.0
2153 19.0
2154 13.0
2155 18.0
2156 17.0
2157 10.0
2158 9.0
2159 8.0
2160 7.0
2161 7.0
2162 7.0
2163 3.0
2164 3.0
2165 7.0
2166 7.0
2167 6.0
2168 4.0
2169 6.0
2170 6.0
2171 10.0
2172 7.0
2173 7.0
2174 8.0
2175 11.0
2176 15.0
2177 8.0
2178 10.0
2179 8.0
2180 9.0
2181 9.0
2182 15.0
2183 18.0
2184 20.0
2185 26.0
2186 26.0
2187 15.0
2188 12.0
2189 9.0
2190 7.0
2191 7.0
2192 10.0
2193 9.0
2194 12.0
2195 8.0
2196 8.0
2197 7.0
2198 9.0
2199 9.0
2200 14.0
2201 15.0
2202 36.0
2203 23.0
2204 17.0
2205 6.0
2206 8.0
2207 7.0
2208 5.0
2209 10.0
2210 11.0
2211 9.0
2212 9.0
2213 17.0
2214 19.0
2215 18.0
2216 21.0
2217 28.0
2218 13.0
2219 12.0
2220 12.0
2221 5.0
2222 10.0
2223 10.0
2224 14.0
2225 11.0
2226 25.0
2227 19.0
2228 16.0
2229 16.0
2230 10.0
2231 9.0
2232 7.0
2233 4.0
2234 6.0
2235 7.0
2236 6.0
2237 4.0
2238 6.0
2239 6.0
2240 6.0
2241 8.0
2242 11.0
2243 5.0
2244 5.0
2245 7.0
2246 7.0
2247 8.0
2248 8.0
2249 20.0
2250 25.0
2251 30.0
2252 16.0
2253 11.0
2254 6.0
2255 8.0
2256 9.0
2257 7.0
2258 9.0
2259 5.0
2260 5.0
2261 6.0
2262 5.0
2263 3.0
2264 8.0
2265 5.0
2266 14.0
2267 16.0
2268 17.0
2269 17.0
2270 9.0
2271 11.0
2272 13.0
2273 10.0
2274 8.0
2275 3.0
2276 2.0
2277 3.0
2278 11.0
2279 8.0
2280 9.0
2281 16.0
2282 10.0
2283 11.0
2284 7.0
2285 11.0
2286 9.0
2287 26.0
2288 11.0
2289 9.0
2290 8.0
2291 5.0
2292 7.0
2293 9.0
2294 8.0
2295 8.0
2296 4.0
2297 4.0
2298 4.0
2299 4.0
2300 7.0
2301 5.0
2302 8.0
2303 5.0
2304 4.0
2305 6.0
2306 6.0
2307 5.0
2308 4.0
2309 8.0
2310 7.0
2311 6.0
2312 7.0
2313 8.0
2314 6.0
2315 7.0
2316 5.0
2317 6.0
2318 10.0
2319 10.0
2320 10.0
2321 12.0
2322 8.0
2323 9.0
2324 7.0
2325 3.0
2326 3.0
2327 8.0
2328 6.0
2329 8.0
2330 9.0
2331 14.0
2332 15.0
2333 17.0
2334 16.0
2335 12.0
2336 7.0
2337 7.0
2338 5.0
2339 5.0
2340 7.0
2341 8.0
2342 3.0
2343 4.0
2344 2.0
2345 3.0
2346 5.0
2347 7.0
2348 3.0
2349 9.0
2350 9.0
2351 9.0
2352 6.0
2353 9.0
2354 9.0
2355 9.0
2356 9.0
2357 6.0
2358 3.0
2359 5.0
2360 3.0
2361 7.0
2362 7.0
2363 5.0
2364 2.0
2365 3.0
2366 6.0
2367 7.0
2368 8.0
2369 7.0
2370 8.0
2371 7.0
2372 13.0
2373 23.0
2374 19.0
2375 17.0
2376 10.0
2377 7.0
2378 5.0
2379 9.0
2380 10.0
2381 8.0
2382 9.0
2383 8.0
2384 8.0
2385 8.0
2386 9.0
2387 11.0
2388 8.0
2389 10.0
2390 13.0
2391 10.0
2392 7.0
2393 9.0
2394 5.0
2395 4.0
2396 7.0
2397 5.0
2398 4.0
2399 6.0
2400 0.0
2401 1.0
2402 3.0
2403 5.0
2404 2.0
2405 4.0
2406 6.0
2407 4.0
2408 2.0
2409 5.0
2410 10.0
2411 11.0
2412 13.0
2413 11.0
2414 12.0
2415 6.0
2416 4.0
2417 3.0
2418 4.0
2419 4.0
2420 3.0
2421 3.0
2422 5.0
2423 4.0
2424 1.0
2425 1.0
2426 1.0
2427 5.0
2428 6.0
2429 2.0
2430 1.0
2431 0.0
2432 3.0
2433 2.0
2434 3.0
2435 3.0
2436 5.0
2437 2.0
2438 2.0
2439 2.0
2440 3.0
2441 0.0
2442 5.0
2443 3.0
2444 0.0
2445 2.0
2446 3.0
2447 0.0
2448 2.0
2449 1.0
2450 1.0
2451 1.0
2452 0.0
2453 0.0
2454 2.0
2455 2.0
2456 4.0
2457 3.0
2458 3.0
2459 2.0
2460 2.0
2461 2.0
2462 2.0
2463 2.0
2464 4.0
2465 5.0
2466 2.0
2467 5.0
2468 3.0
2469 3.0
2470 7.0
2471 6.0
2472 3.0
2473 1.0
2474 0.0
2475 3.0
2476 0.0
2477 0.0
2478 1.0
2479 2.0
2480 3.0
2481 1.0
2482 1.0
2483 5.0
2484 1.0
2485 3.0
2486 1.0
2487 2.0
2488 2.0
2489 8.0
2490 4.0
2491 2.0
2492 3.0
2493 3.0
2494 3.0
2495 3.0
2496 2.0
2497 2.0
2498 3.0
2499 1.0
2500 1.0
