1 35.0
2 28.0
3 16.0
4 33.0
5 35.0
6 32.0
7 26.0
8 29.0
9 19.0
10 25.0
11 43.0
12 21.0
13 31.0
14 27.0
15 27.0
16 18.0
17 31.0
18 23.0
19 33.0
20 28.0
21 23.0
22 20.0
23 29.0
24 35.0
25 22.0
26 27.0
27 27.0
28 23.0
29 35.0
30 22.0
31 32.0
32 29.0
33 32.0
34 29.0
35 31.0
36 29.0
37 33.0
38 30.0
39 28.0
40 34.0
41 26.0
42 36.0
43 28.0
44 35.0
45 26.0
46 31.0
47 33.0
48 24.0
49 32.0
50 17.0
51 25.0
52 27.0
53 34.0
54 30.0
55 24.0
56 32.0
57 30.0
58 23.0
59 34.0
60 22.0
61 29.0
62 29.0
63 29.0
64 23.0
65 28.0
66 28.0
67 27.0
68 31.0
69 33.0
70 29.0
71 28.0
72 30.0
73 26.0
74 29.0
75 32.0
76 31.0
77 24.0
78 23.0
79 32.0
80 34.0
81 34.0
82 30.0
83 34.0
84 32.0
85 32.0
86 28.0
87 20.0
88 31.0
89 27.0
90 29.0
91 25.0
92 22.0
93 29.0
94 40.0
95 28.0
96 38.0
97 30.0
98 32.0
99 34.0
100 23.0
101 28.0
102 26.0
103 22.0
104 37.0
105 25.0
106 37.0
107 32.0
108 37.0
109 32.0
110 23.0
111 29.0
112 29.0
113 27.0
114 34.0
115 35.0
116 31.0
117 31.0
118 31.0
119 34.0
120 30.0
121 34.0
122 29.0
123 32.0
124 28.0
125 28.0
126 36.0
127 27.0
128 30.0
129 37.0
130 34.0
131 19.0
132 36.0
133 24.0
134 35.0
135 32.0
136 27.0
137 22.0
138 28.0
139 31.0
140 31.0
141 30.0
142 24.0
143 30.0
144 33.0
145 24.0
146 24.0
147 28.0
148 29.0
149 37.0
150 26.0
151 42.0
152 23.0
153 35.0
154 37.0
155 27.0
156 30.0
157 37.0
158 31.0
159 38.0
160 30.0
161 31.0
162 34.0
163 37.0
164 32.0
165 29.0
166 27.0
167 34.0
168 34.0
169 23.0
170 26.0
171 31.0
172 25.0
173 35.0
174 28.0
175 28.0
176 26.0
177 26.0
178 20.0
179 26.0
180 37.0
181 27.0
182 27.0
183 31.0
184 31.0
185 29.0
186 30.0
187 40.0
188 33.0
189 34.0
190 20.0
191 21.0
192 30.0
193 30.0
194 33.0
195 21.0
196 32.0
197 31.0
198 22.0
199 28.0
200 30.0
201 29.0
202 35.0
203 31.0
204 27.0
205 32.0
206 28.0
207 37.0
208 31.0
209 27.0
210 27.0
211 34.0
212 41.0
213 29.0
214 34.0
215 37.0
216 32.0
217 34.0
218 28.0
219 31.0
220 24.0
221 29.0
222 33.0
223 30.0
224 38.0
225 33.0
226 27.0
227 25.0
228 23.0
229 28.0
230 27.0
231 31.0
232 32.0
233 26.0
234 34.0
235 32.0
236 37.0
237 29.0
238 27.0
239 33.0
240 35.0
241 29.0
242 37.0
243 36.0
244 36.0
245 31.0
246 23.0
247 34.0
248 38.0
249 22.0
250 36.0
251 31.0
252 26.0
253 30.0
254 30.0
255 32.0
256 31.0
257 27.0
258 35.0
259 35.0
260 33.0
261 26.0
262 33.0
263 26.0
264 21.0
265 34.0
266 35.0
267 26.0
268 32.0
269 33.0
270 37.0
271 29.0
272 31.0
273 31.0
274 31.0
275 22.0
276 30.0
277 28.0
278 30.0
279 33.0
280 27.0
281 34.0
282 20.0
283 27.0
284 25.0
285 29.0
286 28.0
287 30.0
288 35.0
289 36.0
290 32.0
291 30.0
292 27.0
293 37.0
294 27.0
295 37.0
296 31.0
297 26.0
298 30.0
299 38.0
300 23.0
301 33.0
302 28.0
303 29.0
304 29.0
305 31.0
306 36.0
307 28.0
308 22.0
309 31.0
310 34.0
311 31.0
312 28.0
313 25.0
314 37.0
315 32.0
316 26.0
317 32.0
318 26.0
319 36.0
320 33.0
321 33.0
322 36.0
323 31.0
324 34.0
325 28.0
326 32.0
327 26.0
328 39.0
329 31.0
330 29.0
331 33.0
332 35.0
333 24.0
334 39.0
335 31.0
336 30.0
337 30.0
338 31.0
339 29.0
340 29.0
341 30.0
342 36.0
343 37.0
344 32.0
345 31.0
346 35.0
347 40.0
348 24.0
349 31.0
350 28.0
351 28.0
352 24.0
353 35.0
354 34.0
355 32.0
356 30.0
357 35.0
358 28.0
359 23.0
360 34.0
361 39.0
362 26.0
363 38.0
364 23.0
365 37.0
366 31.0
367 34.0
368 36.0
369 32.0
370 29.0
371 33.0
372 29.0
373 27.0
374 32.0
375 22.0
376 27.0
377 32.0
378 40.0
379 29.0
380 32.0
381 40.0
382 32.0
383 35.0
384 28.0
385 35.0
386 24.0
387 39.0
388 39.0
389 27.0
390 33.0
391 38.0
392 35.0
393 27.0
394 34.0
395 34.0
396 33.0
397 30.0
398 36.0
399 39.0
400 30.0
401 37.0
402 35.0
403 41.0
404 36.0
405 44.0
406 35.0
407 32.0
408 36.0
409 38.0
410 37.0
411 36.0
412 29.0
413 30.0
414 29.0
415 34.0
416 30.0
417 32.0
418 35.0
419 37.0
420 27.0
421 35.0
422 37.0
423 22.0
424 28.0
425 30.0
426 31.0
427 34.0
428 35.0
429 34.0
430 29.0
431 36.0
432 35.0
433 35.0
434 27.0
435 36.0
436 32.0
437 33.0
438 33.0
439 28.0
440 40.0
441 40.0
442 43.0
443 35.0
444 39.0
445 29.0
446 35.0
447 44.0
448 33.0
449 33.0
450 32.0
451 36.0
452 38.0
453 33.0
454 28.0
455 33.0
456 34.0
457 33.0
458 31.0
459 32.0
460 33.0
461 29.0
462 32.0
463 30.0
464 38.0
465 35.0
466 28.0
467 40.0
468 27.0
469 32.0
470 33.0
471 26.0
472 33.0
473 29.0
474 29.0
475 40.0
476 27.0
477 51.0
478 38.0
479 32.0
480 28.0
481 31.0
482 34.0
483 32.0
484 34.0
485 41.0
486 33.0
487 26.0
488 39.0
489 39.0
490 37.0
491 33.0
492 23.0
493 25.0
494 32.0
495 35.0
496 36.0
497 36.0
498 34.0
499 32.0
500 37.0
501 39.0
502 34.0
503 33.0
504 40.0
505 31.0
506 40.0
507 23.0
508 37.0
509 32.0
510 25.0
511 37.0
512 33.0
513 31.0
514 32.0
515 29.0
516 35.0
517 34.0
518 31.0
519 30.0
520 39.0
521 25.0
522 38.0
523 36.0
524 37.0
525 29.0
526 33.0
527 27.0
528 39.0
529 36.0
530 29.0
531 36.0
532 30.0
533 43.0
534 33.0
535 46.0
536 30.0
537 34.0
538 40.0
539 31.0
540 29.0
541 41.0
542 42.0
543 29.0
544 31.0
545 40.0
546 28.0
547 31.0
548 32.0
549 31.0
550 30.0
551 36.0
552 36.0
553 40.0
554 32.0
555 40.0
556 28.0
557 36.0
558 40.0
559 31.0
560 29.0
561 29.0
562 33.0
563 33.0
564 40.0
565 35.0
566 42.0
567 37.0
568 46.0
569 39.0
570 24.0
571 37.0
572 41.0
573 34.0
574 37.0
575 35.0
576 35.0
577 34.0
578 35.0
579 36.0
580 34.0
581 33.0
582 40.0
583 34.0
584 34.0
585 32.0
586 39.0
587 29.0
588 36.0
589 38.0
590 31.0
591 34.0
592 37.0
593 33.0
594 22.0
595 33.0
596 37.0
597 36.0
598 30.0
599 41.0
600 31.0
601 35.0
602 42.0
603 27.0
604 35.0
605 44.0
606 33.0
607 38.0
608 36.0
609 31.0
610 30.0
611 40.0
612 38.0
613 31.0
614 32.0
615 37.0
616 36.0
617 31.0
618 26.0
619 44.0
620 30.0
621 45.0
622 28.0
623 36.0
624 35.0
625 32.0
626 34.0
627 38.0
628 28.0
629 45.0
630 44.0
631 23.0
632 47.0
633 33.0
634 37.0
635 29.0
636 38.0
637 28.0
638 41.0
639 27.0
640 45.0
641 40.0
642 33.0
643 30.0
644 43.0
645 43.0
646 23.0
647 31.0
648 31.0
649 35.0
650 38.0
651 38.0
652 41.0
653 30.0
654 29.0
655 40.0
656 31.0
657 35.0
658 35.0
659 41.0
660 33.0
661 35.0
662 32.0
663 39.0
664 35.0
665 37.0
666 37.0
667 30.0
668 38.0
669 38.0
670 34.0
671 40.0
672 42.0
673 36.0
674 32.0
675 34.0
676 26.0
677 42.0
678 38.0
679 34.0
680 31.0
681 35.0
682 28.0
683 41.0
684 23.0
685 40.0
686 43.0
687 37.0
688 37.0
689 25.0
690 32.0
691 35.0
692 36.0
693 35.0
694 37.0
695 32.0
696 39.0
697 33.0
698 32.0
699 32.0
700 42.0
701 26.0
702 42.0
703 42.0
704 41.0
705 39.0
706 35.0
707 36.0
708 34.0
709 35.0
710 43.0
711 35.0
712 37.0
713 36.0
714 37.0
715 41.0
716 36.0
717 27.0
718 34.0
719 42.0
720 37.0
721 41.0
722 34.0
723 35.0
724 29.0
725 44.0
726 33.0
727 37.0
728 39.0
729 32.0
730 40.0
731 37.0
732 32.0
733 41.0
734 31.0
735 28.0
736 40.0
737 38.0
738 43.0
739 36.0
740 23.0
741 37.0
742 38.0
743 48.0
744 30.0
745 43.0
746 33.0
747 41.0
748 36.0
749 36.0
750 37.0
751 34.0
752 50.0
753 32.0
754 39.0
755 37.0
756 43.0
757 43.0
758 33.0
759 34.0
760 36.0
761 35.0
762 41.0
763 59.0
764 41.0
765 27.0
766 34.0
767 35.0
768 35.0
769 32.0
770 37.0
771 35.0
772 39.0
773 37.0
774 47.0
775 41.0
776 24.0
777 41.0
778 41.0
779 34.0
780 32.0
781 41.0
782 31.0
783 33.0
784 41.0
785 42.0
786 36.0
787 31.0
788 40.0
789 39.0
790 40.0
791 42.0
792 42.0
793 24.0
794 33.0
795 37.0
796 36.0
797 35.0
798 32.0
799 42.0
800 41.0
801 34.0
802 46.0
803 28.0
804 41.0
805 36.0
806 34.0
807 50.0
808 27.0
809 29.0
810 45.0
811 44.0
812 33.0
813 42.0
814 30.0
815 40.0
816 42.0
817 38.0
818 37.0
819 46.0
820 32.0
821 43.0
822 39.0
823 33.0
824 44.0
825 50.0
826 35.0
827 39.0
828 46.0
829 33.0
830 43.0
831 31.0
832 39.0
833 39.0
834 36.0
835 40.0
836 39.0
837 33.0
838 39.0
839 40.0
840 42.0
841 33.0
842 44.0
843 41.0
844 46.0
845 30.0
846 37.0
847 33.0
848 38.0
849 43.0
850 37.0
851 38.0
852 46.0
853 37.0
854 29.0
855 39.0
856 36.0
857 41.0
858 37.0
859 29.0
860 35.0
861 44.0
862 34.0
863 44.0
864 40.0
865 29.0
866 43.0
867 29.0
868 44.0
869 29.0
870 37.0
871 40.0
872 36.0
873 32.0
874 32.0
875 41.0
876 36.0
877 43.0
878 40.0
879 39.0
880 46.0
881 40.0
882 46.0
883 23.0
884 47.0
885 41.0
886 39.0
887 28.0
888 38.0
889 42.0
890 35.0
891 38.0
892 35.0
893 37.0
894 32.0
895 41.0
896 36.0
897 41.0
898 32.0
899 40.0
900 31.0
901 45.0
902 21.0
903 41.0
904 39.0
905 36.0
906 29.0
907 42.0
908 26.0
909 42.0
910 26.0
911 33.0
912 33.0
913 43.0
914 35.0
915 33.0
916 39.0
917 42.0
918 39.0
919 34.0
920 38.0
921 42.0
922 35.0
923 42.0
924 26.0
925 35.0
926 38.0
927 29.0
928 42.0
929 32.0
930 35.0
931 37.0
932 41.0
933 31.0
934 39.0
935 34.0
936 37.0
937 34.0
938 33.0
939 39.0
940 26.0
941 38.0
942 44.0
943 32.0
944 39.0
945 37.0
946 46.0
947 34.0
948 33.0
949 34.0
950 39.0
951 34.0
952 40.0
953 33.0
954 44.0
955 34.0
956 39.0
957 38.0
958 35.0
959 33.0
960 30.0
961 44.0
962 31.0
963 34.0
964 34.0
965 43.0
966 42.0
967 39.0
968 40.0
969 39.0
970 37.0
971 32.0
972 43.0
973 41.0
974 31.0
975 42.0
976 26.0
977 41.0
978 34.0
979 44.0
980 36.0
981 36.0
982 43.0
983 35.0
984 44.0
985 39.0
986 46.0
987 35.0
988 30.0
989 47.0
990 28.0
991 38.0
992 44.0
993 40.0
994 34.0
995 34.0
996 46.0
997 41.0
998 36.0
999 35.0
1000 35.0
1001 38.0
1002 41.0
1003 43.0
1004 33.0
1005 35.0
1006 48.0
1007 36.0
1008 50.0
1009 29.0
1010 44.0
1011 36.0
1012 33.0
1013 36.0
1014 45.0
1015 39.0
1016 42.0
1017 35.0
1018 37.0
1019 39.0
1020 34.0
1021 38.0
1022 36.0
1023 47.0
1024 45.0
1025 39.0
1026 32.0
1027 31.0
1028 36.0
1029 37.0
1030 41.0
1031 37.0
1032 39.0
1033 40.0
1034 39.0
1035 43.0
1036 31.0
1037 40.0
1038 27.0
1039 47.0
1040 33.0
1041 36.0
1042 45.0
1043 38.0
1044 41.0
1045 46.0
1046 31.0
1047 38.0
1048 36.0
1049 32.0
1050 41.0
1051 40.0
1052 37.0
1053 32.0
1054 37.0
1055 40.0
1056 33.0
1057 40.0
1058 45.0
1059 27.0
1060 41.0
1061 43.0
1062 36.0
1063 35.0
1064 40.0
1065 39.0
1066 39.0
1067 41.0
1068 38.0
1069 45.0
1070 33.0
1071 46.0
1072 45.0
1073 37.0
1074 38.0
1075 37.0
1076 39.0
1077 35.0
1078 31.0
1079 44.0
1080 42.0
1081 33.0
1082 48.0
1083 36.0
1084 39.0
1085 35.0
1086 37.0
1087 36.0
1088 43.0
1089 33.0
1090 43.0
1091 42.0
1092 30.0
1093 36.0
1094 37.0
1095 36.0
1096 39.0
1097 33.0
1098 37.0
1099 44.0
1100 41.0
1101 42.0
1102 38.0
1103 30.0
1104 45.0
1105 31.0
1106 42.0
1107 41.0
1108 38.0
1109 32.0
1110 33.0
1111 44.0
1112 34.0
1113 44.0
1114 38.0
1115 33.0
1116 44.0
1117 28.0
1118 40.0
1119 46.0
1120 40.0
1121 31.0
1122 39.0
1123 39.0
1124 37.0
1125 43.0
1126 40.0
1127 35.0
1128 45.0
1129 37.0
1130 33.0
1131 42.0
1132 31.0
1133 39.0
1134 36.0
1135 30.0
1136 39.0
1137 42.0
1138 33.0
1139 38.0
1140 37.0
1141 34.0
1142 35.0
1143 40.0
1144 29.0
1145 43.0
1146 40.0
1147 43.0
1148 34.0
1149 29.0
1150 34.0
1151 34.0
1152 40.0
1153 41.0
1154 24.0
1155 43.0
1156 49.0
1157 36.0
1158 41.0
1159 32.0
1160 43.0
1161 38.0
1162 32.0
1163 43.0
1164 34.0
1165 32.0
1166 40.0
1167 38.0
1168 44.0
1169 35.0
1170 40.0
1171 38.0
1172 43.0
1173 44.0
1174 34.0
1175 37.0
1176 32.0
1177 40.0
1178 42.0
1179 36.0
1180 41.0
1181 30.0
1182 38.0
1183 40.0
1184 32.0
1185 34.0
1186 49.0
1187 37.0
1188 31.0
1189 32.0
1190 40.0
1191 38.0
1192 42.0
1193 38.0
1194 35.0
1195 33.0
1196 41.0
1197 38.0
1198 43.0
1199 40.0
1200 40.0
1201 44.0
1202 39.0
1203 38.0
1204 45.0
1205 35.0
1206 39.0
1207 40.0
1208 40.0
1209 42.0
1210 38.0
1211 44.0
1212 42.0
1213 31.0
1214 35.0
1215 43.0
1216 38.0
1217 36.0
1218 40.0
1219 36.0
1220 38.0
1221 40.0
1222 36.0
1223 47.0
1224 31.0
1225 37.0
1226 45.0
1227 39.0
1228 37.0
1229 30.0
1230 40.0
1231 36.0
1232 35.0
1233 51.0
1234 34.0
1235 34.0
1236 35.0
1237 38.0
1238 32.0
1239 40.0
1240 37.0
1241 42.0
1242 38.0
1243 38.0
1244 28.0
1245 46.0
1246 39.0
1247 44.0
1248 34.0
1249 31.0
1250 38.0
1251 41.0
1252 31.0
1253 42.0
1254 37.0
1255 37.0
1256 37.0
1257 39.0
1258 40.0
1259 35.0
1260 34.0
1261 37.0
1262 39.0
1263 38.0
1264 47.0
1265 39.0
1266 39.0
1267 37.0
1268 47.0
1269 34.0
1270 46.0
1271 44.0
1272 41.0
1273 39.0
1274 39.0
1275 41.0
1276 38.0
1277 39.0
1278 44.0
1279 43.0
1280 43.0
1281 35.0
1282 36.0
1283 40.0
1284 47.0
1285 39.0
1286 37.0
1287 37.0
1288 48.0
1289 47.0
1290 37.0
1291 34.0
1292 40.0
1293 41.0
1294 33.0
1295 41.0
1296 44.0
1297 42.0
1298 43.0
1299 41.0
1300 43.0
1301 40.0
1302 40.0
1303 42.0
1304 42.0
1305 45.0
1306 41.0
1307 41.0
1308 40.0
1309 43.0
1310 50.0
1311 42.0
1312 38.0
1313 37.0
1314 34.0
1315 41.0
1316 47.0
1317 44.0
1318 36.0
1319 42.0
1320 36.0
1321 36.0
1322 40.0
1323 47.0
1324 41.0
1325 29.0
1326 42.0
1327 43.0
1328 46.0
1329 38.0
1330 36.0
1331 40.0
1332 35.0
1333 44.0
1334 38.0
1335 47.0
1336 33.0
1337 45.0
1338 43.0
1339 43.0
1340 30.0
1341 44.0
1342 38.0
1343 42.0
1344 34.0
1345 38.0
1346 43.0
1347 46.0
1348 31.0
1349 38.0
1350 43.0
1351 39.0
1352 43.0
1353 47.0
1354 40.0
1355 45.0
1356 34.0
1357 49.0
1358 38.0
1359 43.0
1360 36.0
1361 45.0
1362 35.0
1363 45.0
1364 43.0
1365 40.0
1366 43.0
1367 37.0
1368 44.0
1369 45.0
1370 44.0
1371 40.0
1372 57.0
1373 37.0
1374 37.0
1375 47.0
1376 37.0
1377 39.0
1378 54.0
1379 39.0
1380 28.0
1381 52.0
1382 36.0
1383 43.0
1384 35.0
1385 38.0
1386 37.0
1387 44.0
1388 36.0
1389 29.0
1390 45.0
1391 38.0
1392 38.0
1393 31.0
1394 36.0
1395 40.0
1396 38.0
1397 40.0
1398 38.0
1399 37.0
1400 48.0
1401 35.0
1402 32.0
1403 47.0
1404 39.0
1405 37.0
1406 45.0
1407 43.0
1408 39.0
1409 48.0
1410 46.0
1411 42.0
1412 48.0
1413 44.0
1414 40.0
1415 51.0
1416 46.0
1417 34.0
1418 47.0
1419 42.0
1420 43.0
1421 43.0
1422 36.0
1423 43.0
1424 35.0
1425 55.0
1426 38.0
1427 42.0
1428 40.0
1429 42.0
1430 41.0
1431 45.0
1432 38.0
1433 42.0
1434 49.0
1435 49.0
1436 43.0
1437 44.0
1438 34.0
1439 48.0
1440 44.0
1441 35.0
1442 35.0
1443 52.0
1444 44.0
1445 33.0
1446 51.0
1447 37.0
1448 49.0
1449 43.0
1450 37.0
1451 45.0
1452 42.0
1453 36.0
1454 41.0
1455 41.0
1456 41.0
1457 45.0
1458 36.0
1459 38.0
1460 54.0
1461 41.0
1462 49.0
1463 43.0
1464 37.0
1465 44.0
1466 37.0
1467 49.0
1468 36.0
1469 38.0
1470 38.0
1471 38.0
1472 48.0
1473 31.0
1474 41.0
1475 45.0
1476 43.0
1477 37.0
1478 39.0
1479 40.0
1480 37.0
1481 47.0
1482 36.0
1483 39.0
1484 41.0
1485 43.0
1486 38.0
1487 47.0
1488 43.0
1489 48.0
1490 49.0
1491 44.0
1492 43.0
1493 40.0
1494 43.0
1495 38.0
1496 47.0
1497 40.0
1498 38.0
1499 42.0
1500 39.0
1501 37.0
1502 43.0
1503 41.0
1504 38.0
1505 48.0
1506 45.0
1507 43.0
1508 41.0
1509 43.0
1510 42.0
1511 48.0
1512 42.0
1513 45.0
1514 47.0
1515 37.0
1516 48.0
1517 39.0
1518 45.0
1519 46.0
1520 34.0
1521 37.0
1522 45.0
1523 31.0
1524 50.0
1525 29.0
1526 49.0
1527 46.0
1528 40.0
1529 40.0
1530 45.0
1531 42.0
1532 42.0
1533 48.0
1534 34.0
1535 49.0
1536 47.0
1537 37.0
1538 37.0
1539 42.0
1540 47.0
1541 40.0
1542 46.0
1543 50.0
1544 33.0
1545 38.0
1546 35.0
1547 42.0
1548 43.0
1549 37.0
1550 40.0
1551 48.0
1552 41.0
1553 45.0
1554 39.0
1555 48.0
1556 36.0
1557 50.0
1558 38.0
1559 44.0
1560 44.0
1561 31.0
1562 36.0
1563 45.0
1564 48.0
1565 41.0
1566 47.0
1567 38.0
1568 39.0
1569 48.0
1570 34.0
1571 48.0
1572 30.0
1573 42.0
1574 41.0
1575 46.0
1576 51.0
1577 37.0
1578 50.0
1579 41.0
1580 37.0
1581 48.0
1582 38.0
1583 38.0
1584 47.0
1585 46.0
1586 39.0
1587 37.0
1588 47.0
1589 40.0
1590 54.0
1591 43.0
1592 52.0
1593 37.0
1594 39.0
1595 49.0
1596 39.0
1597 49.0
1598 40.0
1599 44.0
1600 39.0
1601 49.0
1602 29.0
1603 36.0
1604 46.0
1605 33.0
1606 47.0
1607 47.0
1608 43.0
1609 38.0
1610 46.0
1611 37.0
1612 42.0
1613 43.0
1614 45.0
1615 42.0
1616 44.0
1617 36.0
1618 42.0
1619 47.0
1620 42.0
1621 41.0
1622 41.0
1623 40.0
1624 39.0
1625 45.0
1626 45.0
1627 36.0
1628 43.0
1629 45.0
1630 40.0
1631 45.0
1632 47.0
1633 41.0
1634 46.0
1635 41.0
1636 44.0
1637 35.0
1638 41.0
1639 40.0
1640 39.0
1641 43.0
1642 45.0
1643 48.0
1644 42.0
1645 40.0
1646 39.0
1647 45.0
1648 41.0
1649 41.0
1650 44.0
1651 38.0
1652 46.0
1653 49.0
1654 43.0
1655 37.0
1656 42.0
1657 51.0
1658 42.0
1659 42.0
1660 37.0
1661 37.0
1662 49.0
1663 41.0
1664 40.0
1665 41.0
1666 48.0
1667 48.0
1668 43.0
1669 38.0
1670 40.0
1671 50.0
1672 42.0
1673 39.0
1674 45.0
1675 45.0
1676 39.0
1677 42.0
1678 41.0
1679 45.0
1680 58.0
1681 41.0
1682 41.0
1683 41.0
1684 59.0
1685 37.0
1686 39.0
1687 41.0
1688 40.0
1689 40.0
1690 44.0
1691 46.0
1692 34.0
1693 43.0
1694 47.0
1695 40.0
1696 42.0
1697 40.0
1698 55.0
1699 45.0
1700 39.0
1701 48.0
1702 46.0
1703 48.0
1704 41.0
1705 38.0
1706 47.0
1707 33.0
1708 44.0
1709 35.0
1710 51.0
1711 43.0
1712 33.0
1713 56.0
1714 36.0
1715 46.0
1716 47.0
1717 48.0
1718 36.0
1719 43.0
1720 43.0
1721 49.0
1722 34.0
1723 49.0
1724 46.0
1725 43.0
1726 41.0
1727 47.0
1728 41.0
1729 37.0
1730 46.0
1731 53.0
1732 43.0
1733 46.0
1734 48.0
1735 40.0
1736 43.0
1737 42.0
1738 44.0
1739 45.0
1740 51.0
1741 41.0
1742 43.0
1743 48.0
1744 43.0
1745 36.0
1746 42.0
1747 44.0
1748 53.0
1749 42.0
1750 47.0
1751 43.0
1752 36.0
1753 51.0
1754 32.0
1755 41.0
1756 38.0
1757 38.0
1758 52.0
1759 34.0
1760 50.0
1761 35.0
1762 55.0
1763 36.0
1764 53.0
1765 37.0
1766 51.0
1767 41.0
1768 46.0
1769 46.0
1770 39.0
1771 40.0
1772 45.0
1773 53.0
1774 50.0
1775 39.0
1776 35.0
1777 51.0
1778 47.0
1779 41.0
1780 52.0
1781 53.0
1782 32.0
1783 47.0
1784 40.0
1785 39.0
1786 42.0
1787 41.0
1788 42.0
1789 44.0
1790 56.0
1791 42.0
1792 41.0
1793 46.0
1794 38.0
1795 43.0
1796 47.0
1797 45.0
1798 45.0
1799 38.0
1800 37.0
1801 53.0
1802 36.0
1803 49.0
1804 46.0
1805 41.0
1806 37.0
1807 46.0
1808 40.0
1809 34.0
1810 49.0
1811 48.0
1812 49.0
1813 38.0
1814 46.0
1815 42.0
1816 52.0
1817 43.0
1818 39.0
1819 45.0
1820 45.0
1821 36.0
1822 45.0
1823 35.0
1824 39.0
1825 30.0
1826 39.0
1827 42.0
1828 43.0
1829 38.0
1830 45.0
1831 34.0
1832 33.0
1833 44.0
1834 45.0
1835 31.0
1836 32.0
1837 39.0
1838 36.0
1839 42.0
1840 36.0
1841 36.0
1842 37.0
1843 48.0
1844 44.0
1845 40.0
1846 40.0
1847 35.0
1848 40.0
1849 38.0
1850 47.0
1851 44.0
1852 41.0
1853 32.0
1854 39.0
1855 49.0
1856 33.0
1857 44.0
1858 43.0
1859 39.0
1860 33.0
1861 36.0
1862 29.0
1863 39.0
1864 47.0
1865 35.0
1866 37.0
1867 29.0
1868 41.0
1869 43.0
1870 38.0
1871 30.0
1872 37.0
1873 46.0
1874 37.0
1875 45.0
1876 36.0
1877 40.0
1878 48.0
1879 31.0
1880 37.0
1881 32.0
1882 36.0
1883 39.0
1884 39.0
1885 32.0
1886 35.0
1887 37.0
1888 39.0
1889 42.0
1890 34.0
1891 40.0
1892 31.0
1893 38.0
1894 40.0
1895 37.0
1896 41.0
1897 47.0
1898 36.0
1899 35.0
1900 39.0
1901 31.0
1902 40.0
1903 29.0
1904 35.0
1905 34.0
1906 40.0
1907 30.0
1908 43.0
1909 37.0
1910 32.0
1911 51.0
1912 34.0
1913 35.0
1914 38.0
1915 36.0
1916 39.0
1917 32.0
1918 32.0
1919 37.0
1920 44.0
1921 36.0
1922 37.0
1923 44.0
1924 32.0
1925 41.0
1926 35.0
1927 40.0
1928 45.0
1929 27.0
1930 39.0
1931 48.0
1932 32.0
1933 40.0
1934 26.0
1935 40.0
1936 39.0
1937 40.0
1938 33.0
1939 36.0
1940 35.0
1941 32.0
1942 35.0
1943 46.0
1944 37.0
1945 42.0
1946 43.0
1947 41.0
1948 39.0
1949 36.0
1950 49.0
1951 34.0
1952 29.0
1953 35.0
1954 38.0
1955 42.0
1956 37.0
1957 32.0
1958 32.0
1959 32.0
1960 31.0
1961 44.0
1962 41.0
1963 39.0
1964 36.0
1965 28.0
1966 38.0
1967 37.0
1968 40.0
1969 38.0
1970 30.0
1971 30.0
1972 28.0
1973 37.0
1974 38.0
1975 38.0
1976 28.0
1977 25.0
1978 19.0
1979 26.0
1980 23.0
1981 27.0
1982 25.0
1983 36.0
1984 36.0
1985 32.0
1986 29.0
1987 21.0
1988 31.0
1989 32.0
1990 35.0
1991 26.0
1992 34.0
1993 37.0
1994 26.0
1995 16.0
1996 30.0
1997 30.0
1998 31.0
1999 26.0
2000 32.0
2001 29.0
2002 21.0
2003 26.0
2004 29.0
2005 35.0
2006 33.0
2007 35.0
2008 35.0
2009 29.0
2010 38.0
2011 30.0
2012 31.0
2013 28.0
2014 26.0
2015 33.0
2016 30.0
2017 31.0
2018 25.0
2019 23.0
2020 22.0
2021 21.0
2022 27.0
2023 30.0
2024 25.0
2025 24.0
2026 34.0
2027 36.0
2028 30.0
2029 32.0
2030 27.0
2031 21.0
2032 36.0
2033 42.0
2034 39.0
2035 43.0
2036 31.0
2037 24.0
2038 30.0
2039 25.0
2040 22.0
2041 25.0
2042 33.0
2043 30.0
2044 37.0
2045 29.0
2046 32.0
2047 35.0
2048 30.0
2049 25.0
2050 28.0
2051 32.0
2052 32.0
2053 27.0
2054 28.0
2055 27.0
2056 25.0
2057 27.0
2058 33.0
2059 38.0
2060 27.0
2061 19.0
2062 16.0
2063 22.0
2064 32.0
2065 39.0
2066 41.0
2067 40.0
2068 39.0
2069 34.0
2070 28.0
2071 19.0
2072 30.0
2073 30.0
2074 31.0
2075 33.0
2076 40.0
2077 19.0
2078 24.0
2079 33.0
2080 27.0
2081 24.0
2082 17.0
2083 22.0
2084 19.0
2085 29.0
2086 36.0
2087 33.0
2088 27.0
2089 26.0
2090 16.0
2091 21.0
2092 22.0
2093 26.0
2094 24.0
2095 19.0
2096 23.0
2097 25.0
2098 35.0
2099 41.0
2100 35.0
2101 43.0
2102 31.0
2103 23.0
2104 33.0
2105 49.0
2106 43.0
2107 35.0
2108 21.0
2109 20.0
2110 24.0
2111 20.0
2112 24.0
2113 32.0
2114 34.0
2115 34.0
2116 36.0
2117 33.0
2118 29.0
2119 22.0
2120 23.0
2121 29.0
2122 18.0
2123 14.0
2124 17.0
2125 29.0
2126 27.0
2127 25.0
2128 24.0
2129 24.0
2130 15.0
2131 16.0
2132 23.0
2133 27.0
2134 22.0
2135 33.0
2136 29.0
2137 37.0
2138 30.0
2139 22.0
2140 23.0
2141 25.0
2142 28.0
2143 25.0
2144 22.0
2145 24.0
2146 34.0
2147 41.0
2148 35.0
2149 26.0
2150 21.0
2151 24.0
2152 30.0
2153 29.0
2154 30.0
2155 24.0
2156 20.0
2157 29.0
2158 29.0
2159 27.0
2160 24.0
2161 20.0
2162 15.0
2163 21.0
2164 19.0
2165 23.0
2166 24.0
2167 34.0
2168 29.0
2169 28.0
2170 28.0
2171 29.0
2172 34.0
2173 33.0
2174 32.0
2175 39.0
2176 31.0
2177 30.0
2178 23.0
2179 31.0
2180 30.0
2181 23.0
2182 25.0
2183 21.0
2184 25.0
2185 34.0
2186 38.0
2187 34.0
2188 23.0
2189 24.0
2190 27.0
2191 33.0
2192 29.0
2193 42.0
2194 24.0
2195 30.0
2196 23.0
2197 27.0
2198 25.0
2199 19.0
2200 23.0
2201 24.0
2202 27.0
2203 23.0
2204 25.0
2205 27.0
2206 21.0
2207 25.0
2208 27.0
2209 33.0
2210 36.0
2211 24.0
2212 23.0
2213 28.0
2214 29.0
2215 22.0
2216 28.0
2217 27.0
2218 27.0
2219 26.0
2220 29.0
2221 20.0
2222 21.0
2223 24.0
2224 23.0
2225 34.0
2226 35.0
2227 28.0
2228 19.0
2229 17.0
2230 27.0
2231 18.0
2232 22.0
2233 32.0
2234 35.0
2235 26.0
2236 22.0
2237 23.0
2238 26.0
2239 27.0
2240 26.0
2241 18.0
2242 20.0
2243 28.0
2244 26.0
2245 24.0
2246 26.0
2247 33.0
2248 30.0
2249 19.0
2250 20.0
2251 20.0
2252 21.0
2253 27.0
2254 32.0
2255 43.0
2256 34.0
2257 23.0
2258 22.0
2259 24.0
2260 35.0
2261 34.0
2262 35.0
2263 27.0
2264 26.0
2265 30.0
2266 36.0
2267 37.0
2268 26.0
2269 28.0
2270 29.0
2271 30.0
2272 19.0
2273 24.0
2274 19.0
2275 17.0
2276 23.0
2277 28.0
2278 30.0
2279 24.0
2280 21.0
2281 19.0
2282 24.0
2283 25.0
2284 27.0
2285 23.0
2286 22.0
2287 23.0
2288 22.0
2289 28.0
2290 21.0
2291 19.0
2292 26.0
2293 32.0
2294 23.0
2295 22.0
2296 26.0
2297 25.0
2298 27.0
2299 27.0
2300 19.0
2301 31.0
2302 32.0
2303 28.0
2304 18.0
2305 25.0
2306 28.0
2307 22.0
2308 19.0
2309 20.0
2310 21.0
2311 24.0
2312 31.0
2313 38.0
2314 25.0
2315 19.0
2316 14.0
2317 22.0
2318 33.0
2319 33.0
2320 31.0
2321 36.0
2322 29.0
2323 20.0
2324 22.0
2325 22.0
2326 25.0
2327 29.0
2328 26.0
2329 23.0
2330 29.0
2331 30.0
2332 25.0
2333 22.0
2334 18.0
2335 24.0
2336 24.0
2337 21.0
2338 16.0
2339 17.0
2340 18.0
2341 24.0
2342 32.0
2343 26.0
2344 23.0
2345 25.0
2346 32.0
2347 22.0
2348 23.0
2349 28.0
2350 17.0
2351 16.0
2352 18.0
2353 20.0
2354 25.0
2355 22.0
2356 22.0
2357 14.0
2358 18.0
2359 23.0
2360 29.0
2361 27.0
2362 23.0
2363 18.0
2364 18.0
2365 17.0
2366 23.0
2367 28.0
2368 20.0
2369 17.0
2370 24.0
2371 32.0
2372 32.0
2373 34.0
2374 33.0
2375 18.0
2376 13.0
2377 11.0
2378 18.0
2379 21.0
2380 21.0
2381 21.0
2382 23.0
2383 28.0
2384 17.0
2385 13.0
2386 13.0
2387 21.0
2388 17.0
2389 22.0
2390 33.0
2391 20.0
2392 23.0
2393 23.0
2394 21.0
2395 22.0
2396 18.0
2397 18.0
2398 18.0
2399 19.0
2400 21.0
2401 16.0
2402 23.0
2403 20.0
2404 17.0
2405 20.0
2406 17.0
2407 17.0
2408 19.0
2409 25.0
2410 27.0
2411 23.0
2412 22.0
2413 28.0
2414 23.0
2415 25.0
2416 19.0
2417 17.0
2418 25.0
2419 23.0
2420 17.0
2421 25.0
2422 29.0
2423 23.0
2424 25.0
2425 21.0
2426 26.0
2427 25.0
2428 25.0
2429 17.0
2430 15.0
2431 25.0
2432 19.0
2433 14.0
2434 22.0
2435 23.0
2436 27.0
2437 22.0
2438 27.0
2439 27.0
2440 28.0
2441 36.0
2442 28.0
2443 12.0
2444 23.0
2445 21.0
2446 19.0
2447 23.0
2448 21.0
2449 19.0
2450 18.0
2451 13.0
2452 17.0
2453 20.0
2454 15.0
2455 18.0
2456 27.0
2457 22.0
2458 15.0
2459 11.0
2460 8.0
2461 11.0
2462 14.0
2463 19.0
2464 21.0
2465 17.0
2466 17.0
2467 26.0
2468 21.0
2469 17.0
2470 14.0
2471 14.0
2472 18.0
2473 18.0
2474 22.0
2475 21.0
2476 18.0
2477 12.0
2478 13.0
2479 18.0
2480 16.0
2481 11.0
2482 13.0
2483 10.0
2484 15.0
2485 9.0
2486 18.0
2487 17.0
2488 25.0
2489 13.0
2490 12.0
2491 17.0
2492 15.0
2493 8.0
2494 13.0
2495 16.0
2496 18.0
2497 10.0
2498 13.0
2499 13.0
2500 14.0
