1 39.0
2 36.0
3 30.0
4 32.0
5 35.0
6 31.0
7 39.0
8 41.0
9 39.0
10 53.0
11 44.0
12 51.0
13 46.0
14 49.0
15 51.0
16 49.0
17 60.0
18 42.0
19 45.0
20 40.0
21 45.0
22 57.0
23 50.0
24 67.0
25 51.0
26 53.0
27 57.0
28 55.0
29 52.0
30 66.0
31 58.0
32 57.0
33 48.0
34 48.0
35 45.0
36 49.0
37 52.0
38 49.0
39 63.0
40 45.0
41 52.0
42 49.0
43 55.0
44 45.0
45 48.0
46 52.0
47 51.0
48 50.0
49 58.0
50 50.0
51 49.0
52 46.0
53 56.0
54 56.0
55 50.0
56 55.0
57 49.0
58 57.0
59 44.0
60 52.0
61 55.0
62 50.0
63 52.0
64 52.0
65 52.0
66 57.0
67 55.0
68 53.0
69 56.0
70 59.0
71 48.0
72 48.0
73 50.0
74 60.0
75 59.0
76 54.0
77 45.0
78 55.0
79 53.0
80 51.0
81 56.0
82 54.0
83 59.0
84 49.0
85 54.0
86 46.0
87 49.0
88 53.0
89 61.0
90 52.0
91 52.0
92 44.0
93 59.0
94 48.0
95 55.0
96 47.0
97 47.0
98 46.0
99 50.0
100 49.0
101 49.0
102 52.0
103 49.0
104 52.0
105 49.0
106 51.0
107 47.0
108 49.0
109 52.0
110 52.0
111 43.0
112 57.0
113 52.0
114 53.0
115 56.0
116 46.0
117 45.0
118 51.0
119 62.0
120 48.0
121 41.0
122 45.0
123 41.0
124 51.0
125 49.0
126 47.0
127 41.0
128 48.0
129 46.0
130 48.0
131 49.0
132 47.0
133 54.0
134 53.0
135 48.0
136 45.0
137 51.0
138 43.0
139 47.0
140 48.0
141 46.0
142 42.0
143 58.0
144 45.0
145 49.0
146 53.0
147 47.0
148 46.0
149 55.0
150 49.0
151 41.0
152 48.0
153 51.0
154 49.0
155 48.0
156 52.0
157 59.0
158 60.0
159 58.0
160 53.0
161 48.0
162 39.0
163 43.0
164 42.0
165 41.0
166 60.0
167 47.0
168 52.0
169 53.0
170 47.0
171 38.0
172 46.0
173 54.0
174 49.0
175 51.0
176 48.0
177 40.0
178 46.0
179 50.0
180 40.0
181 45.0
182 42.0
183 41.0
184 46.0
185 48.0
186 57.0
187 52.0
188 47.0
189 53.0
190 52.0
191 43.0
192 47.0
193 42.0
194 47.0
195 40.0
196 46.0
197 50.0
198 61.0
199 56.0
200 58.0
201 47.0
202 53.0
203 52.0
204 44.0
205 48.0
206 51.0
207 46.0
208 40.0
209 50.0
210 40.0
211 44.0
212 47.0
213 43.0
214 50.0
215 46.0
216 51.0
217 39.0
218 49.0
219 59.0
220 55.0
221 53.0
222 54.0
223 57.0
224 52.0
225 50.0
226 55.0
227 48.0
228 41.0
229 45.0
230 45.0
231 46.0
232 40.0
233 46.0
234 49.0
235 48.0
236 43.0
237 42.0
238 40.0
239 49.0
240 47.0
241 53.0
242 45.0
243 46.0
244 55.0
245 45.0
246 47.0
247 44.0
248 52.0
249 54.0
250 56.0
251 56.0
252 40.0
253 62.0
254 53.0
255 49.0
256 44.0
257 55.0
258 48.0
259 52.0
260 50.0
261 51.0
262 48.0
263 48.0
264 41.0
265 50.0
266 52.0
267 56.0
268 48.0
269 43.0
270 43.0
271 43.0
272 50.0
273 41.0
274 48.0
275 44.0
276 47.0
277 42.0
278 51.0
279 48.0
280 52.0
281 48.0
282 49.0
283 42.0
284 52.0
285 50.0
286 51.0
287 55.0
288 43.0
289 48.0
290 47.0
291 50.0
292 43.0
293 43.0
294 40.0
295 44.0
296 47.0
297 49.0
298 47.0
299 46.0
300 43.0
301 41.0
302 44.0
303 54.0
304 53.0
305 45.0
306 46.0
307 55.0
308 52.0
309 53.0
310 53.0
311 49.0
312 50.0
313 48.0
314 53.0
315 50.0
316 51.0
317 49.0
318 53.0
319 56.0
320 53.0
321 43.0
322 45.0
323 34.0
324 47.0
325 38.0
326 39.0
327 45.0
328 42.0
329 48.0
330 53.0
331 34.0
332 51.0
333 46.0
334 50.0
335 50.0
336 51.0
337 40.0
338 42.0
339 45.0
340 51.0
341 41.0
342 45.0
343 43.0
344 48.0
345 40.0
346 44.0
347 40.0
348 47.0
349 46.0
350 43.0
351 42.0
352 47.0
353 46.0
354 49.0
355 44.0
356 48.0
357 43.0
358 50.0
359 47.0
360 44.0
361 40.0
362 41.0
363 41.0
364 48.0
365 41.0
366 39.0
367 44.0
368 49.0
369 42.0
370 34.0
371 38.0
372 40.0
373 40.0
374 37.0
375 41.0
376 38.0
377 37.0
378 33.0
379 45.0
380 38.0
381 45.0
382 41.0
383 43.0
384 48.0
385 32.0
386 35.0
387 28.0
388 39.0
389 40.0
390 39.0
391 39.0
392 39.0
393 36.0
394 35.0
395 34.0
396 39.0
397 36.0
398 33.0
399 38.0
400 39.0
401 48.0
402 47.0
403 42.0
404 35.0
405 36.0
406 39.0
407 40.0
408 45.0
409 43.0
410 43.0
411 48.0
412 35.0
413 42.0
414 35.0
415 41.0
416 32.0
417 41.0
418 41.0
419 37.0
420 37.0
421 35.0
422 32.0
423 40.0
424 33.0
425 46.0
426 34.0
427 27.0
428 36.0
429 41.0
430 37.0
431 39.0
432 34.0
433 39.0
434 42.0
435 37.0
436 29.0
437 24.0
438 39.0
439 44.0
440 42.0
441 43.0
442 38.0
443 40.0
444 37.0
445 44.0
446 40.0
447 37.0
448 36.0
449 42.0
450 49.0
451 37.0
452 41.0
453 41.0
454 41.0
455 50.0
456 53.0
457 44.0
458 39.0
459 44.0
460 43.0
461 40.0
462 36.0
463 35.0
464 36.0
465 33.0
466 40.0
467 37.0
468 33.0
469 41.0
470 42.0
471 44.0
472 39.0
473 51.0
474 42.0
475 34.0
476 32.0
477 35.0
478 35.0
479 44.0
480 44.0
481 32.0
482 37.0
483 38.0
484 42.0
485 40.0
486 41.0
487 42.0
488 30.0
489 41.0
490 34.0
491 41.0
492 48.0
493 45.0
494 41.0
495 39.0
496 49.0
497 40.0
498 42.0
499 47.0
500 40.0
501 42.0
502 37.0
503 28.0
504 34.0
505 47.0
506 34.0
507 44.0
508 36.0
509 40.0
510 35.0
511 37.0
512 37.0
513 34.0
514 41.0
515 41.0
516 27.0
517 38.0
518 39.0
519 28.0
520 32.0
521 31.0
522 28.0
523 31.0
524 35.0
525 33.0
526 34.0
527 42.0
528 26.0
529 36.0
530 30.0
531 29.0
532 28.0
533 25.0
534 25.0
535 23.0
536 38.0
537 32.0
538 22.0
539 27.0
540 30.0
541 30.0
542 26.0
543 31.0
544 32.0
545 22.0
546 23.0
547 24.0
548 23.0
549 24.0
550 23.0
551 28.0
552 30.0
553 35.0
554 37.0
555 36.0
556 31.0
557 30.0
558 36.0
559 37.0
560 29.0
561 24.0
562 30.0
563 29.0
564 39.0
565 22.0
566 38.0
567 41.0
568 43.0
569 24.0
570 33.0
571 30.0
572 28.0
573 29.0
574 29.0
575 22.0
576 30.0
577 22.0
578 16.0
579 14.0
580 14.0
581 24.0
582 21.0
583 18.0
584 19.0
585 21.0
586 25.0
587 36.0
588 24.0
589 26.0
590 27.0
591 21.0
592 25.0
593 27.0
594 18.0
595 29.0
596 30.0
597 32.0
598 25.0
599 33.0
600 17.0
601 15.0
602 18.0
603 23.0
604 19.0
605 15.0
606 21.0
607 23.0
608 24.0
609 22.0
610 18.0
611 19.0
612 20.0
613 20.0
614 17.0
615 14.0
616 10.0
617 20.0
618 16.0
619 17.0
620 24.0
621 21.0
622 24.0
623 20.0
624 22.0
625 15.0
626 19.0
627 16.0
628 14.0
629 18.0
630 13.0
631 16.0
632 13.0
633 16.0
634 12.0
635 22.0
636 19.0
637 15.0
638 17.0
639 26.0
640 24.0
641 22.0
642 20.0
643 15.0
644 14.0
645 18.0
646 21.0
647 29.0
648 29.0
649 20.0
650 27.0
651 26.0
652 31.0
653 22.0
654 21.0
655 25.0
656 23.0
657 28.0
658 25.0
659 27.0
660 27.0
661 19.0
662 21.0
663 22.0
664 22.0
665 17.0
666 18.0
667 26.0
668 19.0
669 13.0
670 18.0
671 15.0
672 25.0
673 20.0
674 16.0
675 14.0
676 19.0
677 16.0
678 16.0
679 17.0
680 22.0
681 17.0
682 20.0
683 18.0
684 22.0
685 14.0
686 19.0
687 13.0
688 17.0
689 18.0
690 16.0
691 17.0
692 20.0
693 19.0
694 20.0
695 10.0
696 21.0
697 18.0
698 16.0
699 22.0
700 20.0
701 15.0
702 20.0
703 17.0
704 15.0
705 13.0
706 15.0
707 21.0
708 16.0
709 14.0
710 19.0
711 20.0
712 15.0
713 20.0
714 21.0
715 17.0
716 17.0
717 17.0
718 27.0
719 22.0
720 20.0
721 26.0
722 21.0
723 13.0
724 20.0
725 22.0
726 27.0
727 15.0
728 20.0
729 18.0
730 17.0
731 24.0
732 23.0
733 18.0
734 17.0
735 21.0
736 25.0
737 19.0
738 19.0
739 17.0
740 15.0
741 12.0
742 14.0
743 12.0
744 13.0
745 17.0
746 16.0
747 10.0
748 15.0
749 12.0
750 18.0
751 7.0
752 10.0
753 13.0
754 15.0
755 15.0
756 21.0
757 14.0
758 17.0
759 20.0
760 17.0
761 17.0
762 14.0
763 13.0
764 16.0
765 20.0
766 14.0
767 12.0
768 16.0
769 17.0
770 16.0
771 12.0
772 14.0
773 21.0
774 13.0
775 12.0
776 16.0
777 7.0
778 20.0
779 16.0
780 16.0
781 10.0
782 10.0
783 19.0
784 18.0
785 20.0
786 18.0
787 16.0
788 18.0
789 17.0
790 19.0
791 15.0
792 13.0
793 19.0
794 11.0
795 18.0
796 14.0
797 17.0
798 18.0
799 19.0
800 18.0
801 26.0
802 9.0
803 20.0
804 16.0
805 15.0
806 18.0
807 20.0
808 12.0
809 19.0
810 16.0
811 17.0
812 22.0
813 15.0
814 16.0
815 16.0
816 13.0
817 20.0
818 14.0
819 14.0
820 18.0
821 15.0
822 13.0
823 19.0
824 12.0
825 16.0
826 15.0
827 12.0
828 17.0
829 18.0
830 18.0
831 10.0
832 16.0
833 17.0
834 15.0
835 17.0
836 18.0
837 13.0
838 15.0
839 15.0
840 17.0
841 19.0
842 12.0
843 17.0
844 17.0
845 17.0
846 20.0
847 11.0
848 14.0
849 21.0
850 19.0
851 18.0
852 17.0
853 11.0
854 13.0
855 14.0
856 14.0
857 15.0
858 13.0
859 9.0
860 17.0
861 16.0
862 11.0
863 12.0
864 11.0
865 13.0
866 11.0
867 15.0
868 17.0
869 18.0
870 14.0
871 18.0
872 17.0
873 19.0
874 13.0
875 13.0
876 17.0
877 22.0
878 20.0
879 11.0
880 28.0
881 16.0
882 15.0
883 20.0
884 16.0
885 19.0
886 15.0
887 16.0
888 16.0
889 11.0
890 21.0
891 14.0
892 15.0
893 22.0
894 18.0
895 20.0
896 20.0
897 15.0
898 18.0
899 20.0
900 15.0
901 16.0
902 14.0
903 14.0
904 20.0
905 15.0
906 16.0
907 13.0
908 15.0
909 17.0
910 17.0
911 13.0
912 13.0
913 16.0
914 15.0
915 20.0
916 21.0
917 22.0
918 11.0
919 12.0
920 17.0
921 17.0
922 11.0
923 18.0
924 18.0
925 16.0
926 15.0
927 18.0
928 13.0
929 15.0
930 15.0
931 19.0
932 14.0
933 20.0
934 14.0
935 13.0
936 15.0
937 18.0
938 19.0
939 16.0
940 15.0
941 18.0
942 8.0
943 15.0
944 14.0
945 20.0
946 16.0
947 20.0
948 12.0
949 18.0
950 11.0
951 15.0
952 14.0
953 15.0
954 14.0
955 17.0
956 16.0
957 17.0
958 15.0
959 16.0
960 14.0
961 18.0
962 11.0
963 14.0
964 12.0
965 13.0
966 17.0
967 13.0
968 14.0
969 18.0
970 16.0
971 15.0
972 16.0
973 15.0
974 16.0
975 11.0
976 18.0
977 15.0
978 16.0
979 10.0
980 14.0
981 13.0
982 18.0
983 10.0
984 19.0
985 11.0
986 4.0
987 11.0
988 13.0
989 17.0
990 12.0
991 8.0
992 18.0
993 18.0
994 11.0
995 14.0
996 13.0
997 14.0
998 16.0
999 13.0
1000 11.0
1001 21.0
1002 13.0
1003 12.0
1004 19.0
1005 12.0
1006 9.0
1007 15.0
1008 11.0
1009 18.0
1010 20.0
1011 20.0
1012 18.0
1013 15.0
1014 14.0
1015 13.0
1016 21.0
1017 16.0
1018 16.0
1019 11.0
1020 19.0
1021 18.0
1022 10.0
1023 17.0
1024 8.0
1025 16.0
1026 9.0
1027 12.0
1028 16.0
1029 14.0
1030 14.0
1031 13.0
1032 17.0
1033 12.0
1034 11.0
1035 10.0
1036 10.0
1037 13.0
1038 11.0
1039 15.0
1040 9.0
1041 8.0
1042 15.0
1043 8.0
1044 14.0
1045 11.0
1046 11.0
1047 12.0
1048 11.0
1049 8.0
1050 20.0
1051 9.0
1052 13.0
1053 8.0
1054 12.0
1055 17.0
1056 8.0
1057 7.0
1058 8.0
1059 6.0
1060 8.0
1061 11.0
1062 12.0
1063 8.0
1064 11.0
1065 8.0
1066 9.0
1067 9.0
1068 9.0
1069 4.0
1070 14.0
1071 17.0
1072 7.0
1073 15.0
1074 11.0
1075 6.0
1076 10.0
1077 14.0
1078 16.0
1079 7.0
1080 8.0
1081 17.0
1082 10.0
1083 18.0
1084 11.0
1085 11.0
1086 20.0
1087 10.0
1088 11.0
1089 8.0
1090 13.0
1091 4.0
1092 11.0
1093 13.0
1094 8.0
1095 10.0
1096 13.0
1097 12.0
1098 9.0
1099 10.0
1100 10.0
1101 13.0
1102 6.0
1103 13.0
1104 13.0
1105 9.0
1106 11.0
1107 5.0
1108 11.0
1109 13.0
1110 10.0
1111 16.0
1112 17.0
1113 10.0
1114 13.0
1115 9.0
1116 8.0
1117 10.0
1118 12.0
1119 14.0
1120 14.0
1121 15.0
1122 15.0
1123 12.0
1124 11.0
1125 17.0
1126 10.0
1127 15.0
1128 14.0
1129 8.0
1130 12.0
1131 15.0
1132 9.0
1133 14.0
1134 18.0
1135 14.0
1136 9.0
1137 30.0
1138 31.0
1139 27.0
1140 15.0
1141 13.0
1142 11.0
1143 14.0
1144 12.0
1145 16.0
1146 19.0
1147 18.0
1148 9.0
1149 15.0
1150 8.0
1151 5.0
1152 8.0
1153 9.0
1154 5.0
1155 14.0
1156 10.0
1157 4.0
1158 6.0
1159 9.0
1160 8.0
1161 9.0
1162 9.0
1163 10.0
1164 9.0
1165 10.0
1166 9.0
1167 10.0
1168 8.0
1169 3.0
1170 8.0
1171 9.0
1172 10.0
1173 3.0
1174 6.0
1175 8.0
1176 13.0
1177 11.0
1178 8.0
1179 8.0
1180 3.0
1181 8.0
1182 3.0
1183 10.0
1184 7.0
1185 10.0
1186 10.0
1187 12.0
1188 7.0
1189 10.0
1190 10.0
1191 9.0
1192 17.0
1193 8.0
1194 9.0
1195 8.0
1196 16.0
1197 11.0
1198 13.0
1199 18.0
1200 14.0
1201 7.0
1202 13.0
1203 21.0
1204 9.0
1205 11.0
1206 16.0
1207 9.0
1208 9.0
1209 12.0
1210 9.0
1211 16.0
1212 11.0
1213 13.0
1214 15.0
1215 10.0
1216 13.0
1217 10.0
1218 6.0
1219 7.0
1220 8.0
1221 12.0
1222 8.0
1223 13.0
1224 7.0
1225 15.0
1226 8.0
1227 6.0
1228 9.0
1229 10.0
1230 5.0
1231 8.0
1232 13.0
1233 20.0
1234 9.0
1235 7.0
1236 7.0
1237 2.0
1238 8.0
1239 8.0
1240 5.0
1241 10.0
1242 8.0
1243 6.0
1244 6.0
1245 7.0
1246 10.0
1247 6.0
1248 8.0
1249 8.0
1250 9.0
1251 10.0
1252 12.0
1253 3.0
1254 11.0
1255 15.0
1256 9.0
1257 10.0
1258 9.0
1259 7.0
1260 6.0
1261 9.0
1262 7.0
1263 8.0
1264 10.0
1265 7.0
1266 11.0
1267 7.0
1268 11.0
1269 9.0
1270 6.0
1271 8.0
1272 8.0
1273 8.0
1274 5.0
1275 6.0
1276 7.0
1277 8.0
1278 4.0
1279 3.0
1280 9.0
1281 3.0
1282 5.0
1283 6.0
1284 6.0
1285 10.0
1286 8.0
1287 6.0
1288 7.0
1289 8.0
1290 5.0
1291 13.0
1292 9.0
1293 6.0
1294 8.0
1295 10.0
1296 10.0
1297 12.0
1298 9.0
1299 6.0
1300 5.0
1301 12.0
1302 7.0
1303 9.0
1304 7.0
1305 8.0
1306 9.0
1307 3.0
1308 5.0
1309 8.0
1310 4.0
1311 5.0
1312 6.0
1313 4.0
1314 11.0
1315 3.0
1316 6.0
1317 7.0
1318 5.0
1319 4.0
1320 6.0
1321 9.0
1322 3.0
1323 3.0
1324 10.0
1325 8.0
1326 3.0
1327 1.0
1328 5.0
1329 3.0
1330 4.0
1331 5.0
1332 3.0
1333 7.0
1334 2.0
1335 2.0
1336 6.0
1337 1.0
1338 11.0
1339 2.0
1340 5.0
1341 5.0
1342 5.0
1343 4.0
1344 10.0
1345 8.0
1346 7.0
1347 7.0
1348 3.0
1349 5.0
1350 5.0
1351 6.0
1352 11.0
1353 5.0
1354 4.0
1355 7.0
1356 11.0
1357 13.0
1358 9.0
1359 9.0
1360 12.0
1361 10.0
1362 6.0
1363 8.0
1364 8.0
1365 10.0
1366 6.0
1367 5.0
1368 8.0
1369 6.0
1370 9.0
1371 7.0
1372 11.0
1373 8.0
1374 5.0
1375 6.0
1376 9.0
1377 6.0
1378 10.0
1379 8.0
1380 13.0
1381 13.0
1382 4.0
1383 7.0
1384 8.0
1385 9.0
1386 5.0
1387 6.0
1388 2.0
1389 7.0
1390 4.0
1391 7.0
1392 11.0
1393 5.0
1394 12.0
1395 9.0
1396 7.0
1397 8.0
1398 9.0
1399 5.0
1400 9.0
1401 8.0
1402 2.0
1403 5.0
1404 3.0
1405 5.0
1406 9.0
1407 5.0
1408 3.0
1409 6.0
1410 6.0
1411 3.0
1412 8.0
1413 7.0
1414 6.0
1415 5.0
1416 5.0
1417 8.0
1418 8.0
1419 8.0
1420 5.0
1421 2.0
1422 6.0
1423 6.0
1424 4.0
1425 3.0
1426 13.0
1427 8.0
1428 5.0
1429 8.0
1430 9.0
1431 2.0
1432 5.0
1433 11.0
1434 5.0
1435 8.0
1436 11.0
1437 2.0
1438 6.0
1439 3.0
1440 4.0
1441 5.0
1442 4.0
1443 7.0
1444 5.0
1445 3.0
1446 4.0
1447 4.0
1448 7.0
1449 5.0
1450 2.0
1451 4.0
1452 5.0
1453 10.0
1454 7.0
1455 7.0
1456 5.0
1457 2.0
1458 7.0
1459 5.0
1460 6.0
1461 3.0
1462 5.0
1463 4.0
1464 3.0
1465 7.0
1466 12.0
1467 5.0
1468 8.0
1469 2.0
1470 4.0
1471 10.0
1472 4.0
1473 3.0
1474 3.0
1475 6.0
1476 8.0
1477 0.0
1478 3.0
1479 4.0
1480 4.0
1481 6.0
1482 5.0
1483 4.0
1484 7.0
1485 4.0
1486 3.0
1487 6.0
1488 9.0
1489 9.0
1490 9.0
1491 9.0
1492 4.0
1493 11.0
1494 5.0
1495 4.0
1496 5.0
1497 3.0
1498 4.0
1499 3.0
1500 5.0
1501 6.0
1502 4.0
1503 4.0
1504 4.0
1505 8.0
1506 9.0
1507 6.0
1508 4.0
1509 6.0
1510 7.0
1511 6.0
1512 7.0
1513 2.0
1514 3.0
1515 7.0
1516 4.0
1517 5.0
1518 2.0
1519 6.0
1520 3.0
1521 8.0
1522 13.0
1523 6.0
1524 5.0
1525 4.0
1526 1.0
1527 7.0
1528 3.0
1529 1.0
1530 5.0
1531 10.0
1532 5.0
1533 5.0
1534 8.0
1535 7.0
1536 7.0
1537 8.0
1538 4.0
1539 8.0
1540 7.0
1541 3.0
1542 9.0
1543 11.0
1544 5.0
1545 2.0
1546 1.0
1547 9.0
1548 5.0
1549 3.0
1550 3.0
1551 8.0
1552 8.0
1553 9.0
1554 8.0
1555 9.0
1556 4.0
1557 5.0
1558 2.0
1559 6.0
1560 6.0
1561 9.0
1562 8.0
1563 5.0
1564 7.0
1565 8.0
1566 3.0
1567 2.0
1568 6.0
1569 3.0
1570 8.0
1571 8.0
1572 7.0
1573 11.0
1574 10.0
1575 4.0
1576 4.0
1577 9.0
1578 8.0
1579 7.0
1580 8.0
1581 3.0
1582 6.0
1583 8.0
1584 1.0
1585 3.0
1586 6.0
1587 7.0
1588 6.0
1589 3.0
1590 6.0
1591 6.0
1592 5.0
1593 5.0
1594 5.0
1595 4.0
1596 4.0
1597 5.0
1598 9.0
1599 2.0
1600 4.0
1601 5.0
1602 4.0
1603 5.0
1604 3.0
1605 2.0
1606 4.0
1607 5.0
1608 5.0
1609 4.0
1610 0.0
1611 2.0
1612 4.0
1613 2.0
1614 4.0
1615 4.0
1616 4.0
1617 4.0
1618 2.0
1619 5.0
1620 4.0
1621 1.0
1622 4.0
1623 3.0
1624 6.0
1625 3.0
1626 4.0
1627 3.0
1628 4.0
1629 3.0
1630 6.0
1631 10.0
1632 4.0
1633 7.0
1634 5.0
1635 5.0
1636 5.0
1637 2.0
1638 7.0
1639 7.0
1640 4.0
1641 4.0
1642 4.0
1643 1.0
1644 4.0
1645 3.0
1646 4.0
1647 5.0
1648 6.0
1649 5.0
1650 2.0
1651 6.0
1652 2.0
1653 1.0
1654 5.0
1655 9.0
1656 2.0
1657 6.0
1658 5.0
1659 3.0
1660 0.0
1661 5.0
1662 8.0
1663 2.0
1664 3.0
1665 6.0
1666 2.0
1667 3.0
1668 1.0
1669 4.0
1670 2.0
1671 3.0
1672 5.0
1673 1.0
1674 3.0
1675 2.0
1676 1.0
1677 3.0
1678 3.0
1679 2.0
1680 3.0
1681 2.0
1682 1.0
1683 6.0
1684 1.0
1685 2.0
1686 3.0
1687 4.0
1688 3.0
1689 3.0
1690 1.0
1691 5.0
1692 2.0
1693 3.0
1694 3.0
1695 3.0
1696 2.0
1697 3.0
1698 2.0
1699 4.0
1700 7.0
1701 6.0
1702 3.0
1703 5.0
1704 0.0
1705 7.0
1706 2.0
1707 3.0
1708 4.0
1709 5.0
1710 2.0
1711 6.0
1712 2.0
1713 3.0
1714 2.0
1715 2.0
1716 0.0
1717 2.0
1718 2.0
1719 4.0
1720 7.0
1721 4.0
1722 2.0
1723 4.0
1724 1.0
1725 3.0
1726 3.0
1727 4.0
1728 4.0
1729 0.0
1730 4.0
1731 2.0
1732 8.0
1733 2.0
1734 4.0
1735 5.0
1736 6.0
1737 7.0
1738 7.0
1739 1.0
1740 1.0
1741 3.0
1742 5.0
1743 3.0
1744 2.0
1745 3.0
1746 3.0
1747 2.0
1748 5.0
1749 8.0
1750 7.0
1751 3.0
1752 5.0
1753 5.0
1754 5.0
1755 3.0
1756 2.0
1757 2.0
1758 3.0
1759 3.0
1760 6.0
1761 4.0
1762 3.0
1763 2.0
1764 3.0
1765 2.0
1766 0.0
1767 3.0
1768 1.0
1769 5.0
1770 0.0
1771 4.0
1772 1.0
1773 0.0
1774 1.0
1775 1.0
1776 4.0
1777 1.0
1778 1.0
1779 4.0
1780 2.0
1781 3.0
1782 5.0
1783 2.0
1784 1.0
1785 2.0
1786 4.0
1787 2.0
1788 2.0
1789 3.0
1790 0.0
1791 1.0
1792 1.0
1793 2.0
1794 4.0
1795 0.0
1796 1.0
1797 0.0
1798 2.0
1799 3.0
1800 4.0
1801 3.0
1802 3.0
1803 1.0
1804 2.0
1805 2.0
1806 2.0
1807 3.0
1808 2.0
1809 2.0
1810 0.0
1811 2.0
1812 1.0
1813 4.0
1814 4.0
1815 1.0
1816 5.0
1817 2.0
1818 2.0
1819 0.0
1820 3.0
1821 5.0
1822 4.0
1823 2.0
1824 4.0
1825 2.0
1826 2.0
1827 2.0
1828 0.0
1829 5.0
1830 3.0
1831 4.0
1832 3.0
1833 2.0
1834 4.0
1835 7.0
1836 7.0
1837 3.0
1838 8.0
1839 2.0
1840 1.0
1841 1.0
1842 3.0
1843 3.0
1844 0.0
1845 1.0
1846 3.0
1847 7.0
1848 1.0
1849 4.0
1850 2.0
1851 7.0
1852 1.0
1853 1.0
1854 9.0
1855 4.0
1856 4.0
1857 1.0
1858 5.0
1859 2.0
1860 2.0
1861 4.0
1862 2.0
1863 1.0
1864 4.0
1865 6.0
1866 0.0
1867 1.0
1868 2.0
1869 3.0
1870 2.0
1871 1.0
1872 1.0
1873 4.0
1874 5.0
1875 3.0
1876 5.0
1877 6.0
1878 1.0
1879 0.0
1880 2.0
1881 1.0
1882 0.0
1883 2.0
1884 4.0
1885 3.0
1886 1.0
1887 1.0
1888 5.0
1889 5.0
1890 2.0
1891 3.0
1892 3.0
1893 1.0
1894 1.0
1895 1.0
1896 0.0
1897 4.0
1898 1.0
1899 2.0
1900 6.0
1901 1.0
1902 4.0
1903 3.0
1904 2.0
1905 3.0
1906 1.0
1907 1.0
1908 3.0
1909 3.0
1910 3.0
1911 4.0
1912 3.0
1913 4.0
1914 2.0
1915 0.0
1916 2.0
1917 2.0
1918 2.0
1919 3.0
1920 0.0
1921 2.0
1922 5.0
1923 3.0
1924 2.0
1925 5.0
1926 9.0
1927 4.0
1928 0.0
1929 4.0
1930 1.0
1931 3.0
1932 2.0
1933 4.0
1934 1.0
1935 6.0
1936 1.0
1937 2.0
1938 1.0
1939 3.0
1940 2.0
1941 6.0
1942 2.0
1943 3.0
1944 6.0
1945 2.0
1946 3.0
1947 6.0
1948 1.0
1949 3.0
1950 9.0
1951 6.0
1952 2.0
1953 1.0
1954 0.0
1955 2.0
1956 2.0
1957 2.0
1958 0.0
1959 0.0
1960 2.0
1961 1.0
1962 0.0
1963 3.0
1964 1.0
1965 0.0
1966 0.0
1967 2.0
1968 1.0
1969 1.0
1970 2.0
1971 0.0
1972 0.0
1973 0.0
1974 2.0
1975 3.0
1976 2.0
1977 3.0
1978 2.0
1979 4.0
1980 0.0
1981 0.0
1982 0.0
1983 1.0
1984 0.0
1985 1.0
1986 0.0
1987 1.0
1988 0.0
1989 3.0
1990 1.0
1991 1.0
1992 1.0
1993 0.0
1994 0.0
1995 1.0
1996 2.0
1997 3.0
1998 2.0
1999 3.0
2000 1.0
2001 3.0
2002 0.0
2003 2.0
2004 2.0
2005 1.0
2006 1.0
2007 3.0
2008 1.0
2009 3.0
2010 3.0
2011 0.0
2012 0.0
2013 0.0
2014 0.0
2015 0.0
2016 1.0
2017 0.0
2018 0.0
2019 2.0
2020 1.0
2021 2.0
2022 1.0
2023 2.0
2024 3.0
2025 1.0
2026 1.0
2027 0.0
2028 0.0
2029 1.0
2030 4.0
2031 2.0
2032 1.0
2033 1.0
2034 0.0
2035 1.0
2036 1.0
2037 2.0
2038 1.0
2039 3.0
2040 1.0
2041 4.0
2042 3.0
2043 4.0
2044 0.0
2045 0.0
2046 1.0
2047 1.0
2048 2.0
2049 1.0
2050 5.0
2051 0.0
2052 2.0
2053 1.0
2054 0.0
2055 1.0
2056 1.0
2057 0.0
2058 2.0
2059 1.0
2060 0.0
2061 1.0
2062 0.0
2063 1.0
2064 1.0
2065 1.0
2066 1.0
2067 1.0
2068 0.0
2069 3.0
2070 0.0
2071 1.0
2072 0.0
2073 1.0
2074 2.0
2075 0.0
2076 1.0
2077 3.0
2078 1.0
2079 0.0
2080 0.0
2081 1.0
2082 0.0
2083 2.0
2084 0.0
2085 0.0
2086 0.0
2087 1.0
2088 1.0
2089 0.0
2090 2.0
2091 0.0
2092 2.0
2093 2.0
2094 1.0
2095 1.0
2096 1.0
2097 1.0
2098 0.0
2099 3.0
2100 1.0
2101 0.0
2102 3.0
2103 3.0
2104 2.0
2105 0.0
2106 1.0
2107 0.0
2108 0.0
2109 0.0
2110 1.0
2111 2.0
2112 1.0
2113 0.0
2114 2.0
2115 3.0
2116 2.0
2117 1.0
2118 1.0
2119 0.0
2120 1.0
2121 0.0
2122 3.0
2123 2.0
2124 0.0
2125 2.0
2126 1.0
2127 1.0
2128 1.0
2129 0.0
2130 0.0
2131 0.0
2132 1.0
2133 3.0
2134 0.0
2135 2.0
2136 0.0
2137 3.0
2138 1.0
2139 0.0
2140 1.0
2141 0.0
2142 0.0
2143 2.0
2144 0.0
2145 0.0
2146 0.0
2147 1.0
2148 0.0
2149 1.0
2150 3.0
2151 0.0
2152 0.0
2153 2.0
2154 1.0
2155 0.0
2156 2.0
2157 1.0
2158 0.0
2159 1.0
2160 2.0
2161 0.0
2162 1.0
2163 0.0
2164 0.0
2165 1.0
2166 0.0
2167 1.0
2168 2.0
2169 0.0
2170 0.0
2171 1.0
2172 0.0
2173 3.0
2174 1.0
2175 1.0
2176 2.0
2177 2.0
2178 0.0
2179 0.0
2180 1.0
2181 2.0
2182 3.0
2183 1.0
2184 3.0
2185 0.0
2186 2.0
2187 3.0
2188 2.0
2189 1.0
2190 2.0
2191 0.0
2192 2.0
2193 2.0
2194 3.0
2195 0.0
2196 1.0
2197 1.0
2198 0.0
2199 1.0
2200 0.0
2201 0.0
2202 0.0
2203 2.0
2204 1.0
2205 0.0
2206 0.0
2207 1.0
2208 0.0
2209 1.0
2210 0.0
2211 1.0
2212 1.0
2213 3.0
2214 0.0
2215 0.0
2216 0.0
2217 0.0
2218 0.0
2219 0.0
2220 0.0
2221 0.0
2222 1.0
2223 0.0
2224 0.0
2225 1.0
2226 2.0
2227 0.0
2228 0.0
2229 2.0
2230 0.0
2231 2.0
2232 1.0
2233 1.0
2234 0.0
2235 1.0
2236 0.0
2237 0.0
2238 0.0
2239 1.0
2240 1.0
2241 0.0
2242 1.0
2243 2.0
2244 1.0
2245 0.0
2246 1.0
2247 0.0
2248 0.0
2249 1.0
2250 2.0
2251 0.0
2252 1.0
2253 0.0
2254 1.0
2255 1.0
2256 0.0
2257 0.0
2258 1.0
2259 1.0
2260 0.0
2261 0.0
2262 0.0
2263 0.0
2264 0.0
2265 1.0
2266 0.0
2267 1.0
2268 0.0
2269 1.0
2270 0.0
2271 0.0
2272 1.0
2273 1.0
2274 0.0
2275 0.0
2276 1.0
2277 0.0
2278 1.0
2279 2.0
2280 0.0
2281 2.0
2282 2.0
2283 1.0
2284 0.0
2285 0.0
2286 0.0
2287 1.0
2288 1.0
2289 0.0
2290 0.0
2291 0.0
2292 2.0
2293 0.0
2294 1.0
2295 1.0
2296 1.0
2297 1.0
2298 1.0
2299 1.0
2300 2.0
2301 0.0
2302 1.0
2303 1.0
2304 1.0
2305 2.0
2306 0.0
2307 2.0
2308 2.0
2309 0.0
2310 1.0
2311 0.0
2312 2.0
2313 0.0
2314 1.0
2315 0.0
2316 1.0
2317 0.0
2318 1.0
2319 1.0
2320 1.0
2321 1.0
2322 1.0
2323 2.0
2324 0.0
2325 0.0
2326 0.0
2327 2.0
2328 0.0
2329 2.0
2330 1.0
2331 1.0
2332 2.0
2333 0.0
2334 2.0
2335 0.0
2336 1.0
2337 0.0
2338 1.0
2339 2.0
2340 0.0
2341 1.0
2342 0.0
2343 0.0
2344 2.0
2345 1.0
2346 0.0
2347 1.0
2348 2.0
2349 0.0
2350 0.0
2351 3.0
2352 0.0
2353 0.0
2354 1.0
2355 1.0
2356 2.0
2357 0.0
2358 0.0
2359 3.0
2360 0.0
2361 0.0
2362 0.0
2363 1.0
2364 0.0
2365 1.0
2366 0.0
2367 0.0
2368 0.0
2369 0.0
2370 1.0
2371 0.0
2372 0.0
2373 0.0
2374 1.0
2375 0.0
2376 0.0
2377 1.0
2378 1.0
2379 1.0
2380 2.0
2381 0.0
2382 1.0
2383 1.0
2384 0.0
2385 1.0
2386 1.0
2387 0.0
2388 2.0
2389 0.0
2390 0.0
2391 0.0
2392 0.0
2393 0.0
2394 0.0
2395 0.0
2396 0.0
2397 0.0
2398 1.0
2399 1.0
2400 0.0
2401 0.0
2402 1.0
2403 0.0
2404 0.0
2405 0.0
2406 0.0
2407 0.0
2408 1.0
2409 1.0
2410 0.0
2411 0.0
2412 0.0
2413 0.0
2414 4.0
2415 0.0
2416 0.0
2417 1.0
2418 0.0
2419 2.0
2420 4.0
2421 0.0
2422 2.0
2423 0.0
2424 0.0
2425 0.0
2426 0.0
2427 0.0
2428 0.0
2429 2.0
2430 3.0
2431 2.0
2432 1.0
2433 0.0
2434 0.0
2435 1.0
2436 0.0
2437 0.0
2438 0.0
2439 0.0
2440 1.0
2441 0.0
2442 0.0
2443 0.0
2444 1.0
2445 0.0
2446 0.0
2447 0.0
2448 0.0
2449 0.0
2450 0.0
2451 0.0
2452 1.0
2453 0.0
2454 0.0
2455 0.0
2456 1.0
2457 0.0
2458 0.0
2459 1.0
2460 0.0
2461 2.0
2462 0.0
2463 0.0
2464 1.0
2465 1.0
2466 2.0
2467 0.0
2468 0.0
2469 0.0
2470 0.0
2471 0.0
2472 1.0
2473 0.0
2474 0.0
2475 0.0
2476 0.0
2477 0.0
2478 2.0
2479 0.0
2480 3.0
2481 0.0
2482 1.0
2483 0.0
2484 0.0
2485 1.0
2486 2.0
2487 1.0
2488 1.0
2489 0.0
2490 1.0
2491 0.0
2492 0.0
2493 1.0
2494 1.0
2495 0.0
2496 0.0
2497 0.0
2498 0.0
2499 0.0
2500 0.0
