4.156322634632976 13.862767149337255 
0.0 22.306653071172555 
23.03727703269357 0.0 
4.6359182622316 13.82263371962294 
3.764656187354173 14.238367109151088 
3.5672235626628708 14.315908111520212 
4.8770372967903075 13.78122641540767 
2.2823809303977063 15.373564557952916 
0.6646385957517582 17.177485068282913 
0.20163786491498648 19.161961945250667 
3.229715259099346 14.504274809301306 
1.39114605853382 16.337820944841972 
0.2554910320529671 17.984657534038597 
1.665150738600718 15.670390533320056 
0.9002235705699864 17.05173265602776 
2.050039724276093 15.54811718777612 
1.4615310748241739 16.233342690599287 
7.276588736492299 11.947041011265464 
7.43909018273814 11.852368215295037 
21.00483181012684 8.747342411039597 
18.805225438286765 9.269684713937744 
18.1959396516991 9.403241221377446 
21.857743811882784 8.53839966551297 
21.24010257889967 8.703224524563419 
18.41761938344132 9.356342362275624 
8.753814745594589 11.469089715045591 
20.766926576747277 8.814204759148792 
5.037033718008787 13.446998020026301 
20.400281223214602 8.92606420526528 
21.409552896360122 8.639274575204919 
6.09449210821398 12.455142817015727 
22.78580470693839 8.286252177762647 
22.615516997130214 8.338400254783117 
23.008702009221555 8.26647952905037 
19.885597378158717 9.005639657817785 
6.870178926240803 12.10724288514181 
20.11124919024482 8.95207401436064 
17.983787221307082 9.459335659480978 
8.283774897021804 11.594017599402747 
17.498072009104504 9.560273214883154 
5.435222270862371 13.14134384768312 
22.178085483056236 8.441335456752649 
20.525604395452042 8.849691463421742 
14.76519071760251 10.149144679656102 
17.72208410457483 9.519598931027065 
5.554415121539303 12.905177872430018 
8.497760802524198 11.532180368075387 
12.978581910783294 10.518421521674735 
16.78196316421349 9.695791617139578 
19.210623185597566 9.183132956395843 
12.567975690834846 10.604113383018404 
13.168098611808174 10.484512194143216 
7.687855672136158 11.814050780166928 
5.985000983017727 12.73293025485706 
7.069346249067562 12.027029656874378 
8.08629113279621 11.650039020781096 
14.53456380523087 10.196330527653739 
21.650242463245867 8.59344375364099 
18.64984484332654 9.29908997157251 
15.426161565942959 10.013850248122019 
5.7174995643387545 12.794469566743475 
17.02237479970548 9.663177345496337 
14.984670122400422 10.108095171618304 
19.43888087816479 9.12972031980522 
19.636607636060276 9.077134873905369 
6.343473247533794 12.358339369245853 
22.048846193156 8.489201443595487 
6.607442654362904 12.220945719606336 
16.070181623947107 9.860084053144485 
15.871690520439238 9.92385993473032 
19.04889532193 9.223811117067518 
12.783860822255978 10.565786542371956 
17.283789258761406 9.620356622255198 
12.360377790486673 10.653360598763786 
12.136349246787715 10.693191038032369 
14.276317617216101 10.250217615240135 
16.302325305418172 9.811481757705955 
9.537527746008772 11.264277784328675 
11.237531557683448 10.880464674381214 
10.810226986945628 10.973718006094577 
9.335315299086462 11.33759596959431 
13.590575162387985 10.390939071481185 
15.671104642186496 9.954418741072345 
15.204776011609935 10.062571682276841 
11.458095120507645 10.832713610451998 
9.121032584830592 11.378435406736031 
10.595507596069163 11.022138941445037 
16.525565689009035 9.754951999084563 
8.934284815660256 11.424205615844862 
9.964478164547087 11.159363932220623 
13.362745589870793 10.436123675268673 
9.744450084060714 11.21097523808952 
10.135274276871748 11.122412476417646 
11.903966512551701 10.740096412154664 
10.379364722137227 11.086786979340635 
7.887144144816221 11.72162819641603 
11.02179523953599 10.926958532871879 
13.82816752325126 10.345600904937076 
14.047002706550268 10.311928194978284 
11.678995072240342 10.78708729605435 
