0.22368270491432074 0.7060215775312935 0.39860748649347394 0.39773602524619184 0.4028690165853221 0.7131089710244195 
0.0035111559732137264 0.7004458903543918 0.39021081716469297 0.4092141061803652 0.6022500856509236 0.7049318467567256 
0.9985698523906184 0.5018293708398416 0.19400665973486123 0.7063839191224544 0.10252764385096273 0.5023900584581883 
0.2488783947046848 0.7085657622199304 0.4006660790624151 0.39754915476023295 0.40447155838266624 0.713352320376705 
0.21740010376242444 0.7021370677291109 0.3952508768349316 0.40449772403799117 0.3957925227035745 0.7085992626896258 
0.19776741337086137 0.7006182477593486 0.3942721293603706 0.40639716166450096 0.3957079114506774 0.7073443676786928 
0.2607027283822752 0.7005668966252718 0.39234689870996087 0.40965761723782546 0.3960454437732376 0.7050557647930467 
0.1310780010658211 0.6992539107646256 0.39491006806822654 0.4060138401592752 0.39552488193452456 0.70771708751062 
0.03724050174747251 0.6977149576827069 0.395982702630456 0.40402399112141957 0.3975322727901819 0.7091663431550937 
0.014559093251356896 0.696378890863057 0.39504585565173855 0.4051278304303409 0.40120849833479794 0.7084112276975483 
0.19143410552824117 0.7004795198939133 0.39445887237661015 0.405816391093868 0.3928416774938637 0.7077433683974159 
0.09715779203787213 0.6994500736686287 0.3962514613221493 0.40351729457514224 0.39186326767539287 0.7094516602261632 
0.013760692013708454 0.6962671893172626 0.39510871057702707 0.4052348890284244 0.3985056637993256 0.7083575470181303 
0.10573603358376905 0.6997116653403816 0.3962439049594034 0.4047661525910126 0.39483193184178 0.708642106687021 
0.048201842172092606 0.6982236306258205 0.3961492958945534 0.4037082227871002 0.3975507824914969 0.7093647040028999 
0.12492389569238335 0.699578089428978 0.3953668055087196 0.4055744889063153 0.39764206634067406 0.7080325623788732 
0.09571080620298006 0.6986514639012109 0.3954779814091651 0.4060468778294782 0.3942263698955004 0.7077862524013939 
0.3922311017599728 0.7036620002836353 0.39672655806545987 0.4044638904088443 0.29990424083830963 0.7088121934845399 
0.3903963828920413 0.7028791866013571 0.395960797064028 0.40605240927453906 0.30109199054687735 0.707747000456323 
0.7150410218199542 0.7091618164572888 0.3923324224070281 0.40632324391954083 0.29914561086679264 0.7068959020428042 
0.6683991263912707 0.7080013411277764 0.39261352297175983 0.4060326999348992 0.29761603952899107 0.7071637903297656 
0.6698077593813698 0.708232971210467 0.39290963134716134 0.40551381126423824 0.29547684593600454 0.7075194904318063 
0.7266948474729932 0.7091222276261459 0.3921110848679087 0.4063992831444905 0.29537186281380173 0.7068273101449432 
0.7164483861551786 0.7091607056311993 0.39246516123382996 0.40667450076994854 0.2969091516483967 0.7066893619391074 
0.6738416738711175 0.708474923153017 0.3931155281685812 0.40602283277489837 0.2958801511716941 0.7072085046397645 
0.4435012246042665 0.7043384585997008 0.3961322771498626 0.4054517743640654 0.29548407282633277 0.708091787905756 
0.7133011445220153 0.7096874183136334 0.3933330350663564 0.40594848892148344 0.29373497497624657 0.7072309294159236 
0.2805695102045625 0.7011184202511465 0.3977132829268078 0.40396038608028234 0.2961778365326941 0.7093582702776895 
0.7067307409646199 0.709355899928878 0.3930431336729718 0.4061020755377956 0.2962205515473028 0.707112148055659 
0.7215292890158439 0.7092953988331548 0.39252013108350003 0.40611229398178894 0.29474347770937775 0.7070501906933929 
0.34251164750800117 0.7022279103355807 0.39686911586706164 0.4049081131215786 0.2987711803479855 0.708608948385737 
0.7319070744113462 0.7092218138587644 0.3918537237524622 0.40619321414124254 0.2981515176338131 0.706922146254015 
0.732109395759352 0.709845494915103 0.39260124009106295 0.4061759342754656 0.29833553487262543 0.706991181376227 
0.7359470309389161 0.7100351763092989 0.392761174834393 0.4066664712876838 0.2985282717544554 0.7066891888437042 
0.6919803715721653 0.7086346263139174 0.39241460499861425 0.40601399206061173 0.2996772162617626 0.7071237413108544 
0.37112279232662443 0.7027651082401809 0.3964614433024071 0.40506146790485315 0.2998334069918545 0.7084409144494509 
0.6805044332541862 0.7084683193550331 0.39264028120546435 0.4060075717020433 0.2992954852458093 0.7071610342165493 
0.6621977705823698 0.7086147147547768 0.39350293074797177 0.4053002511030059 0.29768497355449847 0.7077042166732063 
0.4283579514262292 0.704083740061874 0.39623777489154643 0.4056033504968187 0.2971626187414295 0.7080144231645481 
0.6529087768479036 0.7079539288398179 0.3929874265419309 0.4059865070829556 0.2995143554752319 0.7072366355957524 
0.3000539668997249 0.7006792510239864 0.3963957389706672 0.40458127795843796 0.29883664728021964 0.7088301164666629 
0.7242999679336027 0.7098038515139059 0.39263356314462705 0.4055155885262491 0.30038472834047003 0.7074156670835939 
0.6995998586257343 0.7089274970846947 0.39270094545009715 0.4059478160997543 0.2967971405719569 0.7071893979852344 
0.5999193573685565 0.707203696809185 0.39399547347987834 0.40571886656802814 0.29824550459964433 0.7075540739573869 
0.6583107944617236 0.7081741235908655 0.3930812041765116 0.405612267602501 0.2984420469493241 0.707475887331467 
0.3059049457987677 0.7016225163932943 0.39729110820256297 0.40412863835401414 0.29899768315885733 0.7091788302390186 
0.43699554078650876 0.7039793499156645 0.39579731421698594 0.40578682275130556 0.2986233354203363 0.7078535086279796 
0.5514685325519705 0.7062122024572451 0.3944319144967276 0.4057640559492311 0.2993817696481715 0.7076165023401598 
0.6223385988854181 0.7074295866636245 0.39338573551819406 0.40589480856082477 0.30059445888600705 0.7073636099533824 
0.6754844617833552 0.7085974974426994 0.39310849654264723 0.4061258358674756 0.2977708093182266 0.7071350388889007 
0.5456607059942651 0.7059984732027592 0.3944590433040978 0.40572420395851966 0.2980161292614577 0.707656350405455 
0.5598832756849107 0.7063879867923109 0.3943531689601013 0.4055520841155649 0.2987253796771826 0.7077355051589871 
0.3985243572936374 0.7034668897771649 0.39639380500767113 0.4050439766820709 0.29910813828888083 0.7084156764561396 
0.3164691099980829 0.7010949835156878 0.3963394775560082 0.4046538048330621 0.29875439795012265 0.7087596137642889 
0.3789111770255296 0.70270786797593 0.39618468201189816 0.40520040900133225 0.2987653330401984 0.708324399432682 
0.4154427103781941 0.7037258419916806 0.3961684900403406 0.4052137900741 0.29849851338589034 0.7082714052791382 
0.5909498727003303 0.7069565658776384 0.3939801607556848 0.40579075725163466 0.2988211235892535 0.7075164776140935 
0.7152669604701248 0.7091637793606976 0.3923678775540892 0.40637159555922286 0.298575851330359 0.7068696531636814 
0.669695968748578 0.7086986375309614 0.3932442281247079 0.4055060097896251 0.2997799742399625 0.7075390116801897 
0.6106157538436187 0.7073517706868787 0.39373438522449766 0.40591808430327514 0.29985067713832847 0.7073910297606268 
0.31501555662334124 0.701340292013299 0.39685973891194626 0.40575836948072247 0.2983041127544519 0.7081036810670522 
0.6354307527741241 0.7076258381213847 0.39314498768187683 0.40552353646588957 0.2992831600179903 0.7075616359306011 
0.5976634774853276 0.7071189816815054 0.39385817292037095 0.4053417669405145 0.2992241093296691 0.7077803572904529 
0.68287466966932 0.7085366928363445 0.3927578904474211 0.4062836375248811 0.2982648734552046 0.7069978844918944 
0.6857081657448733 0.7091256974359268 0.3933066252435887 0.4054974287100483 0.29823606697792215 0.7075351887784744 
0.3421724246041665 0.7022045022002702 0.3968560585628424 0.4048934396776489 0.29868569381309307 0.70861792721516 
0.7199345171583224 0.7091912478571493 0.39223909130747875 0.40640855719995933 0.29859198071154247 0.7068304118936498 
0.3552003275609289 0.7024167683337158 0.39663658168979266 0.4049375095413704 0.2987804305446218 0.7085556817384934 
0.6176148185641451 0.7071960761843007 0.3932729343790461 0.4055961524056294 0.29948503743463717 0.7075491252192869 
0.6155420731773134 0.7074851348929693 0.3938711320219435 0.4060306592875571 0.2978190729611366 0.7073318253352112 
0.6777003678835681 0.7085786684448369 0.3929986468645332 0.40628941282133396 0.29824944950696997 0.7070192139865811 
0.5474728894047539 0.7060751188202381 0.39438804974200603 0.40568151660905677 0.2992839144107501 0.7076696010430694 
0.643032133766361 0.7080526673326276 0.3934680845434301 0.40558898682510613 0.2984912977268746 0.7075401998383869 
0.5386677498994251 0.7058997150422389 0.39452237914127575 0.40571961949277363 0.29867116251732173 0.7076689248668977 
0.5324656674069402 0.7057836434502516 0.39456624563640846 0.4056871638563467 0.29930685431634807 0.7076989864548507 
0.5820897947643286 0.7066935389996947 0.39395048123620363 0.4057580631588436 0.29901606136375714 0.7075445976980781 
0.6237306858729013 0.7074531019332018 0.39346024907836435 0.40587391555302554 0.29889219987163373 0.7073855509065305 
0.4619480465644111 0.7044824745682046 0.3954078306237327 0.4055362114321611 0.2999714759715583 0.70794550359051 
0.5099684183390001 0.7054226203125378 0.39490524098107643 0.4055575592292318 0.2992293578164303 0.7078353028672278 
0.4981989813271217 0.7051448516339779 0.3950045760645374 0.4056438815472123 0.29910930020040766 0.7078037134228822 
0.451007787030028 0.7042256750381302 0.39542858363073297 0.4053462348624173 0.3002417691302158 0.7080791488450033 
0.5671082935243992 0.7063992878890089 0.39411780057278123 0.4056685014259745 0.29899873527569254 0.7076340042188307 
0.6116544951561903 0.7073571477469704 0.3937477544386481 0.4059112541173201 0.29911147602819893 0.7073973324280776 
0.6030583089305381 0.7070879887958306 0.3937079614403141 0.4059675625559888 0.29920794582885857 0.7073674375231498 
0.5151475793216904 0.7054744188479035 0.3947706434818084 0.40553809247733585 0.2995113745109994 0.707830188116841 
0.4459756372434612 0.7040612766255114 0.3954720817986598 0.4053961635813003 0.299281848987022 0.7080605920139357 
0.49107265406235057 0.7050091956865513 0.39505256132175376 0.40552468402074066 0.29933836214297405 0.7078905053973753 
0.6282521968650039 0.7073775212139669 0.3932038663125893 0.4059758551887807 0.2993872247716475 0.7072957680885386 
0.4402113155126705 0.70399407370778 0.3955603955356801 0.4053581400236902 0.29971443271319287 0.7080973555578374 
0.47324903067979157 0.70471351605751 0.39530964181115524 0.4055128789182454 0.2996246872343573 0.7079402156266277 
0.5615852325969982 0.7063160400116104 0.39418979242949126 0.40573853884876737 0.2995147773176082 0.7076009034457603 
0.4656637513589859 0.7045531360752472 0.3953855583967807 0.4055802092987048 0.2997333339736895 0.7079123360508325 
0.4777245351109499 0.7047484412091881 0.39520616534786956 0.405607701486692 0.2996118984614897 0.7078662565842089 
0.5260629078810015 0.7057308223322746 0.3947134287104916 0.40567337613644183 0.2995188857113677 0.7077264893153694 
0.4839449474257213 0.704889419406716 0.395103674165291 0.40551714784581383 0.30023333291071447 0.7079053544161898 
0.4034359302957772 0.7034112224099718 0.3961212538336878 0.40515693980169576 0.29962903780271694 0.7083137513269924 
0.5011061889812964 0.7052198780827922 0.3949398594914837 0.405600337030016 0.29983667384108953 0.7078200629487124 
0.5721425913553388 0.706564663231825 0.3941435944731916 0.40577363728190957 0.29925580478761277 0.7075633377363308 
0.5746138875436515 0.7066192747488826 0.3941339703901213 0.4057893703472092 0.2991046511247908 0.7075499847379956 
0.5191579474848581 0.705617132693517 0.3947969776826144 0.40562575547672014 0.2997454316095997 0.707770840452547 
